#! FIELDS refcv hh dhh_refcv
#! SET normalisation  400.000000
#! SET min_refcv -0.5
#! SET max_refcv 1.5
#! SET nbins_refcv  1000
#! SET periodic_refcv false
 -0.500000 0.000000 0.000000
 -0.498000 0.000000 0.000000
 -0.496000 0.000000 0.000000
 -0.494000 0.000000 0.000000
 -0.492000 0.000000 0.000000
 -0.490000 0.000000 0.000000
 -0.488000 0.000000 0.000000
 -0.486000 0.000000 0.000000
 -0.484000 0.000000 0.000000
 -0.482000 0.000000 0.000000
 -0.480000 0.000000 0.000000
 -0.478000 0.000000 0.000000
 -0.476000 0.000000 0.000000
 -0.474000 0.000000 0.000000
 -0.472000 0.000000 0.000000
 -0.470000 0.000000 0.000000
 -0.468000 0.000000 0.000000
 -0.466000 0.000000 0.000000
 -0.464000 0.000000 0.000000
 -0.462000 0.000000 0.000000
 -0.460000 0.000000 0.000000
 -0.458000 0.000000 0.000000
 -0.456000 0.000000 0.000000
 -0.454000 0.000000 0.000000
 -0.452000 0.000000 0.000000
 -0.450000 0.000000 0.000000
 -0.448000 0.000000 0.000000
 -0.446000 0.000000 0.000000
 -0.444000 0.000000 0.000000
 -0.442000 0.000000 0.000000
 -0.440000 0.000000 0.000000
 -0.438000 0.000000 0.000000
 -0.436000 0.000000 0.000000
 -0.434000 0.000000 0.000000
 -0.432000 0.000000 0.000000
 -0.430000 0.000000 0.000000
 -0.428000 0.000000 0.000000
 -0.426000 0.000000 0.000000
 -0.424000 0.000000 0.000000
 -0.422000 0.000000 0.000000
 -0.420000 0.000000 0.000000
 -0.418000 0.000000 0.000000
 -0.416000 0.000000 0.000000
 -0.414000 0.000000 0.000000
 -0.412000 0.000000 0.000000
 -0.410000 0.000000 0.000000
 -0.408000 0.000000 0.000000
 -0.406000 0.000000 0.000000
 -0.404000 0.000000 0.000000
 -0.402000 0.000000 0.000000
 -0.400000 0.000000 0.000000
 -0.398000 0.000000 0.000000
 -0.396000 0.000000 0.000000
 -0.394000 0.000000 0.000000
 -0.392000 0.000000 0.000000
 -0.390000 0.000000 0.000000
 -0.388000 0.000000 0.000000
 -0.386000 0.000000 0.000000
 -0.384000 0.000000 0.000000
 -0.382000 0.000000 0.000000
 -0.380000 0.000000 0.000000
 -0.378000 0.000000 0.000000
 -0.376000 0.000000 0.000000
 -0.374000 0.000000 0.000000
 -0.372000 0.000000 0.000000
 -0.370000 0.000000 0.000000
 -0.368000 0.000000 0.000000
 -0.366000 0.000000 0.000000
 -0.364000 0.000000 0.000000
 -0.362000 0.000000 0.000000
 -0.360000 0.000000 0.000000
 -0.358000 0.000000 0.000000
 -0.356000 0.000000 0.000000
 -0.354000 0.000000 0.000000
 -0.352000 0.000000 0.000000
 -0.350000 0.000000 0.000000
 -0.348000 0.000000 0.000000
 -0.346000 0.000000 0.000000
 -0.344000 0.000000 0.000000
 -0.342000 0.000000 0.000000
 -0.340000 0.000000 0.000000
 -0.338000 0.000000 0.000000
 -0.336000 0.000000 0.000000
 -0.334000 0.000000 0.000000
 -0.332000 0.000000 0.000000
 -0.330000 0.000000 0.000000
 -0.328000 0.000000 0.000000
 -0.326000 0.000000 0.000000
 -0.324000 0.000000 0.000000
 -0.322000 0.000000 0.000000
 -0.320000 0.000000 0.000000
 -0.318000 0.000000 0.000000
 -0.316000 0.000000 0.000000
 -0.314000 0.000000 0.000000
 -0.312000 0.000000 0.000000
 -0.310000 0.000000 0.000000
 -0.308000 0.000000 0.000000
 -0.306000 0.000000 0.000000
 -0.304000 0.000000 0.000000
 -0.302000 0.000000 0.000000
 -0.300000 0.000000 0.000000
 -0.298000 0.000000 0.000000
 -0.296000 0.000000 0.000000
 -0.294000 0.000000 0.000000
 -0.292000 0.000000 0.000000
 -0.290000 0.000000 0.000000
 -0.288000 0.000000 0.000000
 -0.286000 0.000000 0.000000
 -0.284000 0.000000 0.000000
 -0.282000 0.000000 0.000000
 -0.280000 0.000000 0.000000
 -0.278000 0.000000 0.000000
 -0.276000 0.000000 0.000000
 -0.274000 0.000000 0.000000
 -0.272000 0.000000 0.000000
 -0.270000 0.000000 0.000000
 -0.268000 0.000000 0.000000
 -0.266000 0.000000 0.000000
 -0.264000 0.000000 0.000000
 -0.262000 0.000000 0.000000
 -0.260000 0.000000 0.000000
 -0.258000 0.000000 0.000000
 -0.256000 0.000000 0.000000
 -0.254000 0.000000 0.000000
 -0.252000 0.000000 0.000000
 -0.250000 0.000000 0.000000
 -0.248000 0.000000 0.000000
 -0.246000 0.000000 0.000000
 -0.244000 0.000000 0.000000
 -0.242000 0.000000 0.000000
 -0.240000 0.000000 0.000000
 -0.238000 0.000000 0.000000
 -0.236000 0.000000 0.000000
 -0.234000 0.000000 0.000000
 -0.232000 0.000000 0.000000
 -0.230000 0.000000 0.000000
 -0.228000 0.000000 0.000000
 -0.226000 0.000000 0.000000
 -0.224000 0.000000 0.000000
 -0.222000 0.000000 0.000000
 -0.220000 0.000000 0.000000
 -0.218000 0.000000 0.000000
 -0.216000 0.000000 0.000000
 -0.214000 0.000000 0.000000
 -0.212000 0.000000 0.000000
 -0.210000 0.000000 0.000000
 -0.208000 0.000000 0.000000
 -0.206000 0.000000 0.000000
 -0.204000 0.000000 0.000000
 -0.202000 0.000000 0.000000
 -0.200000 0.000000 0.000000
 -0.198000 0.000000 0.000000
 -0.196000 0.000000 0.000000
 -0.194000 0.000000 0.000000
 -0.192000 0.000000 0.000000
 -0.190000 0.000000 0.000000
 -0.188000 0.000000 0.000000
 -0.186000 0.000000 0.000000
 -0.184000 0.000000 0.000000
 -0.182000 0.000000 0.000000
 -0.180000 0.000000 0.000000
 -0.178000 0.000000 0.000000
 -0.176000 0.000000 0.000000
 -0.174000 0.000000 0.000000
 -0.172000 0.000000 0.000000
 -0.170000 0.000000 0.000000
 -0.168000 0.000000 0.000000
 -0.166000 0.000000 0.000000
 -0.164000 0.000000 0.000000
 -0.162000 0.000000 0.000000
 -0.160000 0.000000 0.000000
 -0.158000 0.000000 0.000000
 -0.156000 0.000000 0.000000
 -0.154000 0.000000 0.000000
 -0.152000 0.000000 0.000000
 -0.150000 0.000000 0.000000
 -0.148000 0.000000 0.000000
 -0.146000 0.000000 0.000000
 -0.144000 0.000000 0.000000
 -0.142000 0.000000 0.000000
 -0.140000 0.000000 0.000000
 -0.138000 0.000000 0.000000
 -0.136000 0.000000 0.000000
 -0.134000 0.000000 0.000000
 -0.132000 0.000000 0.000000
 -0.130000 0.000000 0.000000
 -0.128000 0.000000 0.000000
 -0.126000 0.000000 0.000000
 -0.124000 0.000000 0.000000
 -0.122000 0.000000 0.000000
 -0.120000 0.000000 0.000000
 -0.118000 0.000000 0.000000
 -0.116000 0.000000 0.000000
 -0.114000 0.000000 0.000000
 -0.112000 0.000000 0.000000
 -0.110000 0.000000 0.000000
 -0.108000 0.000000 0.000000
 -0.106000 0.000000 0.000000
 -0.104000 0.000000 0.000000
 -0.102000 0.000000 0.000000
 -0.100000 0.000000 0.000000
 -0.098000 0.000000 0.000000
 -0.096000 0.000000 0.000000
 -0.094000 0.000000 0.000000
 -0.092000 0.000000 0.000000
 -0.090000 0.000000 0.000000
 -0.088000 0.000000 0.000000
 -0.086000 0.000000 0.000000
 -0.084000 0.000000 0.000000
 -0.082000 0.000000 0.000000
 -0.080000 0.000000 0.000000
 -0.078000 0.000000 0.000000
 -0.076000 0.000000 0.000000
 -0.074000 0.000000 0.000000
 -0.072000 0.000000 0.000000
 -0.070000 0.000000 0.000000
 -0.068000 0.000000 0.000000
 -0.066000 0.000000 0.000000
 -0.064000 0.000000 0.000000
 -0.062000 0.000000 0.000000
 -0.060000 0.000000 0.000000
 -0.058000 0.000000 0.000000
 -0.056000 0.000000 0.000000
 -0.054000 0.000000 0.000000
 -0.052000 0.000000 0.000000
 -0.050000 0.000000 0.000000
 -0.048000 0.000000 0.000000
 -0.046000 0.000000 0.000000
 -0.044000 0.000000 0.000000
 -0.042000 0.000000 0.000000
 -0.040000 0.000000 0.000000
 -0.038000 0.000000 0.000000
 -0.036000 0.000000 0.000000
 -0.034000 0.000000 0.000000
 -0.032000 0.000000 0.000000
 -0.030000 0.000000 0.000000
 -0.028000 0.000000 0.000000
 -0.026000 0.000000 0.000000
 -0.024000 0.000000 0.000000
 -0.022000 0.000000 0.000000
 -0.020000 0.000000 0.000000
 -0.018000 0.000000 0.000000
 -0.016000 0.000000 0.000000
 -0.014000 0.000000 0.000000
 -0.012000 0.000000 0.000000
 -0.010000 0.000000 0.000000
 -0.008000 0.000000 0.000000
 -0.006000 0.000000 0.000000
 -0.004000 0.000000 0.000000
 -0.002000 0.000000 0.000000
 0.000000 0.000000 0.000000
 0.002000 0.000000 0.000000
 0.004000 0.000000 0.000000
 0.006000 0.000000 0.000000
 0.008000 0.000000 0.000000
 0.010000 0.000000 0.000000
 0.012000 0.000000 0.000000
 0.014000 0.000000 0.000000
 0.016000 0.000000 0.000000
 0.018000 0.000000 0.000000
 0.020000 0.000000 0.000000
 0.022000 0.000000 0.000000
 0.024000 0.000000 0.000000
 0.026000 0.000000 0.000000
 0.028000 0.000000 0.000000
 0.030000 0.000000 0.000000
 0.032000 0.000000 0.000000
 0.034000 0.000000 0.000000
 0.036000 0.000000 0.000000
 0.038000 0.000000 0.000000
 0.040000 0.000000 0.000000
 0.042000 0.000000 0.000000
 0.044000 0.000000 0.000000
 0.046000 0.000000 0.000000
 0.048000 0.000000 0.000000
 0.050000 0.000000 0.000000
 0.052000 0.000000 0.000000
 0.054000 0.000000 0.000000
 0.056000 0.000000 0.000000
 0.058000 0.000000 0.000000
 0.060000 0.000000 0.000000
 0.062000 0.000000 0.000000
 0.064000 0.000000 0.000000
 0.066000 0.000000 0.000000
 0.068000 0.000000 0.000000
 0.070000 0.000000 0.000000
 0.072000 0.000000 0.000000
 0.074000 0.000000 0.000000
 0.076000 0.000000 0.000000
 0.078000 0.000000 0.000000
 0.080000 0.000000 0.000000
 0.082000 0.000000 0.000000
 0.084000 0.000000 0.000000
 0.086000 0.000000 0.000000
 0.088000 0.000000 0.000000
 0.090000 0.000000 0.000000
 0.092000 0.000000 0.000000
 0.094000 0.000000 0.000000
 0.096000 0.000000 0.000000
 0.098000 0.000000 0.000000
 0.100000 0.000000 0.000000
 0.102000 0.000000 0.000000
 0.104000 0.000000 0.000000
 0.106000 0.000000 0.000000
 0.108000 0.000000 0.000000
 0.110000 0.000000 0.000000
 0.112000 0.000000 0.000000
 0.114000 0.000000 0.000000
 0.116000 0.000000 0.000000
 0.118000 0.000000 0.000000
 0.120000 0.000000 0.000000
 0.122000 0.000000 0.000000
 0.124000 0.000000 0.000000
 0.126000 0.000000 0.000000
 0.128000 0.000000 0.000000
 0.130000 0.000000 0.000000
 0.132000 0.000000 0.000000
 0.134000 0.000000 0.000000
 0.136000 0.000000 0.000000
 0.138000 0.000000 0.000000
 0.140000 0.000000 0.000000
 0.142000 0.000000 0.000000
 0.144000 0.000000 0.000000
 0.146000 0.000000 0.000000
 0.148000 0.000000 0.000000
 0.150000 0.000000 0.000000
 0.152000 0.000000 0.000000
 0.154000 0.000000 0.000000
 0.156000 0.000000 0.000000
 0.158000 0.000000 0.000000
 0.160000 0.000000 0.000000
 0.162000 0.000000 0.000000
 0.164000 0.000000 0.000000
 0.166000 0.000000 0.000000
 0.168000 0.000000 0.000000
 0.170000 0.000000 0.000000
 0.172000 0.000000 0.000000
 0.174000 0.000000 0.000000
 0.176000 0.000000 0.000000
 0.178000 0.000000 0.000000
 0.180000 0.000000 0.000000
 0.182000 0.000000 0.000000
 0.184000 0.000000 0.000000
 0.186000 0.000000 0.000000
 0.188000 0.000000 0.000000
 0.190000 0.000000 0.000000
 0.192000 0.000000 0.000000
 0.194000 0.000000 0.000000
 0.196000 0.000000 0.000000
 0.198000 0.000000 0.000000
 0.200000 0.000000 0.000000
 0.202000 0.000000 0.000000
 0.204000 0.000000 0.000000
 0.206000 0.000000 0.000000
 0.208000 0.000000 0.000000
 0.210000 0.000000 0.000000
 0.212000 0.000000 0.000000
 0.214000 0.000000 0.000000
 0.216000 0.000000 0.000000
 0.218000 0.000000 0.000000
 0.220000 0.000000 0.000000
 0.222000 0.000000 0.000000
 0.224000 0.000000 0.000000
 0.226000 0.000000 0.000000
 0.228000 0.000000 0.000000
 0.230000 0.000000 0.000000
 0.232000 0.000000 0.000000
 0.234000 0.000000 0.000000
 0.236000 0.000000 0.000000
 0.238000 0.000000 0.000000
 0.240000 0.000000 0.000000
 0.242000 0.000000 0.000000
 0.244000 0.000000 0.000000
 0.246000 0.000000 0.000000
 0.248000 0.000000 0.000000
 0.250000 0.000000 0.000000
 0.252000 0.000000 0.000000
 0.254000 0.000000 0.000000
 0.256000 0.000000 0.000000
 0.258000 0.000000 0.000000
 0.260000 0.000000 0.000000
 0.262000 0.000000 0.000000
 0.264000 0.000000 0.000000
 0.266000 0.000000 0.000000
 0.268000 0.000000 0.000000
 0.270000 0.000000 0.000000
 0.272000 0.000000 0.000000
 0.274000 0.000000 0.000000
 0.276000 0.000000 0.000000
 0.278000 0.000000 0.000000
 0.280000 0.000000 0.000000
 0.282000 0.000000 0.000000
 0.284000 0.000000 0.000000
 0.286000 0.000000 0.000000
 0.288000 0.000000 0.000000
 0.290000 0.000000 0.000000
 0.292000 0.000000 0.000000
 0.294000 0.000000 0.000000
 0.296000 0.000000 0.000000
 0.298000 0.000000 0.000000
 0.300000 0.000000 0.000000
 0.302000 0.000000 0.000000
 0.304000 0.000000 0.000000
 0.306000 0.000000 0.000000
 0.308000 0.000000 0.000000
 0.310000 0.000000 0.000000
 0.312000 0.000000 0.000000
 0.314000 0.000000 0.000000
 0.316000 0.000000 0.000000
 0.318000 0.000000 0.000000
 0.320000 0.000000 0.000000
 0.322000 0.000000 0.000000
 0.324000 0.000000 0.000000
 0.326000 0.000000 0.000000
 0.328000 0.000000 0.000000
 0.330000 0.000000 0.000000
 0.332000 0.000000 0.000000
 0.334000 0.000000 0.000000
 0.336000 0.000000 0.000000
 0.338000 0.000000 0.000000
 0.340000 0.000000 0.000000
 0.342000 0.000000 0.000000
 0.344000 0.000000 0.000000
 0.346000 0.000000 0.000000
 0.348000 0.000000 0.000000
 0.350000 0.000000 0.000000
 0.352000 0.000000 0.000000
 0.354000 0.000000 0.000000
 0.356000 0.000000 0.000000
 0.358000 0.000000 0.000000
 0.360000 0.000000 0.000000
 0.362000 0.000000 0.000000
 0.364000 0.000004 0.000546
 0.366000 0.000005 0.000710
 0.368000 0.000007 0.000917
 0.370000 0.000009 0.001176
 0.372000 0.000011 0.001498
 0.374000 0.000015 0.001894
 0.376000 0.000019 0.002378
 0.378000 0.000024 0.002965
 0.380000 0.000034 0.004107
 0.382000 0.000043 0.005083
 0.384000 0.000058 0.006709
 0.386000 0.000072 0.008231
 0.388000 0.000091 0.010032
 0.390000 0.000113 0.012149
 0.392000 0.000140 0.014616
 0.394000 0.000178 0.018426
 0.396000 0.000222 0.022491
 0.398000 0.000274 0.027173
 0.400000 0.000333 0.032172
 0.402000 0.000414 0.039457
 0.404000 0.000500 0.046394
 0.406000 0.000607 0.055308
 0.408000 0.000727 0.064504
 0.410000 0.000870 0.075372
 0.412000 0.001039 0.088085
 0.414000 0.001238 0.102975
 0.416000 0.001479 0.121173
 0.418000 0.001742 0.139644
 0.420000 0.002044 0.160253
 0.422000 0.002394 0.183754
 0.424000 0.002799 0.210951
 0.426000 0.003259 0.240916
 0.428000 0.003783 0.274298
 0.430000 0.004379 0.311685
 0.432000 0.005064 0.354686
 0.434000 0.005827 0.400649
 0.436000 0.006690 0.451946
 0.438000 0.007683 0.511658
 0.440000 0.008796 0.577076
 0.442000 0.010050 0.649993
 0.444000 0.011474 0.733034
 0.446000 0.013059 0.823067
 0.448000 0.014865 0.927167
 0.450000 0.016870 1.039676
 0.452000 0.019115 1.164634
 0.454000 0.021638 1.304614
 0.456000 0.024443 1.457867
 0.458000 0.027585 1.628842
 0.460000 0.031106 1.820618
 0.462000 0.035034 2.033106
 0.464000 0.039413 2.268497
 0.466000 0.044321 2.533740
 0.468000 0.049773 2.825360
 0.470000 0.055886 3.154972
 0.472000 0.062673 3.517397
 0.474000 0.070245 3.921861
 0.476000 0.078707 4.375410
 0.478000 0.088131 4.879159
 0.480000 0.098610 5.436502
 0.482000 0.110351 6.066082
 0.484000 0.123376 6.758115
 0.486000 0.137895 7.528809
 0.488000 0.154092 8.389116
 0.490000 0.172091 9.338793
 0.492000 0.192142 10.394896
 0.494000 0.214463 11.566858
 0.496000 0.239288 12.864264
 0.498000 0.266843 14.293365
 0.500000 0.297467 15.874028
 0.502000 0.331525 17.626868
 0.504000 0.369199 19.542591
 0.506000 0.410949 21.649770
 0.508000 0.457205 23.968603
 0.510000 0.508385 26.513786
 0.512000 0.564840 29.286179
 0.514000 0.627267 32.333447
 0.516000 0.695984 35.642646
 0.518000 0.771530 39.228820
 0.520000 0.854616 43.127450
 0.522000 0.945801 47.346116
 0.524000 1.045754 51.903048
 0.526000 1.155206 56.820125
 0.528000 1.274728 62.089856
 0.530000 1.405165 67.739080
 0.532000 1.547128 73.754784
 0.534000 1.701516 80.160930
 0.536000 1.868982 86.939687
 0.538000 2.050207 94.073437
 0.540000 2.246066 101.569252
 0.542000 2.457134 109.387461
 0.544000 2.684065 117.499383
 0.546000 2.927436 125.866055
 0.548000 3.187741 134.436552
 0.550000 3.465313 143.144932
 0.552000 3.760373 151.915684
 0.554000 4.072960 160.658242
 0.556000 4.402919 169.269023
 0.558000 4.749871 177.630988
 0.560000 5.113191 185.614602
 0.562000 5.491979 193.079367
 0.564000 5.885057 199.873046
 0.566000 6.290915 205.837730
 0.568000 6.707740 210.807625
 0.570000 7.133372 214.616116
 0.572000 7.565319 217.096786
 0.574000 8.000765 218.087930
 0.576000 8.436569 217.437727
 0.578000 8.869316 215.005033
 0.580000 9.295312 210.669089
 0.582000 9.710652 204.330271
 0.584000 10.111241 195.918429
 0.586000 10.492903 185.389385
 0.588000 10.851377 172.739013
 0.590000 11.182455 157.995980
 0.592000 11.482009 141.232037
 0.594000 11.746098 122.557881
 0.596000 11.971048 102.124762
 0.598000 12.153518 80.124720
 0.600000 12.290623 56.781684
 0.602000 12.379918 32.361154
 0.604000 12.419532 7.154917
 0.606000 12.408201 -18.521516
 0.608000 12.345326 -44.337538
 0.610000 12.230964 -69.950303
 0.612000 12.065863 -95.014711
 0.614000 11.851454 -119.191556
 0.616000 11.589863 -142.159573
 0.618000 11.283800 -163.612412
 0.620000 10.936552 -183.272125
 0.622000 10.551984 -200.904352
 0.624000 10.134348 -216.307648
 0.626000 9.688250 -229.325067
 0.628000 9.218606 -239.853647
 0.630000 8.730421 -247.828365
 0.632000 8.228867 -253.247024
 0.634000 7.719005 -256.143668
 0.636000 7.205793 -256.599618
 0.638000 6.694017 -254.742535
 0.640000 6.188125 -250.729030
 0.642000 5.692239 -244.749690
 0.644000 5.210092 -237.022643
 0.646000 4.744950 -227.781087
 0.648000 4.299564 -217.264394
 0.650000 3.876289 -205.730737
 0.652000 3.476845 -193.416723
 0.654000 3.102624 -180.575098
 0.656000 2.754403 -167.425407
 0.658000 2.432573 -154.178251
 0.660000 2.137160 -141.030116
 0.662000 1.867801 -128.151275
 0.664000 1.623724 -115.674376
 0.666000 1.404124 -103.741494
 0.668000 1.207731 -92.433911
 0.670000 1.033202 -81.823223
 0.672000 0.879148 -71.969357
 0.674000 0.743966 -62.891778
 0.676000 0.626086 -54.602266
 0.678000 0.523960 -47.099803
 0.680000 0.436043 -40.366753
 0.682000 0.360783 -34.366067
 0.684000 0.296694 -29.051044
 0.686000 0.242633 -24.406146
 0.688000 0.197181 -20.357658
 0.690000 0.159164 -16.850256
 0.692000 0.127569 -13.835353
 0.694000 0.101595 -11.280646
 0.696000 0.080147 -9.098191
 0.698000 0.062772 -7.281090
 0.700000 0.048792 -5.779393
 0.702000 0.037476 -4.527170
 0.704000 0.028456 -3.502397
 0.706000 0.021305 -2.668749
 0.708000 0.015632 -1.989486
 0.710000 0.011299 -1.460373
 0.712000 0.007932 -1.039271
 0.714000 0.005469 -0.726336
 0.716000 0.003557 -0.477428
 0.718000 0.002214 -0.299950
 0.720000 0.001384 -0.189628
 0.722000 0.000737 -0.101626
 0.724000 0.000370 -0.051332
 0.726000 0.000174 -0.024293
 0.728000 0.000074 -0.010461
 0.730000 0.000019 -0.002712
 0.732000 0.000004 -0.000586
 0.734000 0.000000 0.000000
 0.736000 0.000000 0.000000
 0.738000 0.000000 0.000000
 0.740000 0.000000 0.000000
 0.742000 0.000000 0.000000
 0.744000 0.000000 0.000000
 0.746000 0.000000 0.000000
 0.748000 0.000000 0.000000
 0.750000 0.000000 0.000000
 0.752000 0.000000 0.000000
 0.754000 0.000000 0.000000
 0.756000 0.000000 0.000000
 0.758000 0.000000 0.000000
 0.760000 0.000000 0.000000
 0.762000 0.000000 0.000000
 0.764000 0.000000 0.000000
 0.766000 0.000000 0.000000
 0.768000 0.000000 0.000000
 0.770000 0.000000 0.000000
 0.772000 0.000000 0.000000
 0.774000 0.000000 0.000000
 0.776000 0.000000 0.000000
 0.778000 0.000000 0.000000
 0.780000 0.000000 0.000000
 0.782000 0.000000 0.000000
 0.784000 0.000000 0.000000
 0.786000 0.000000 0.000000
 0.788000 0.000000 0.000000
 0.790000 0.000000 0.000000
 0.792000 0.000000 0.000000
 0.794000 0.000000 0.000000
 0.796000 0.000000 0.000000
 0.798000 0.000000 0.000000
 0.800000 0.000000 0.000000
 0.802000 0.000000 0.000000
 0.804000 0.000000 0.000000
 0.806000 0.000000 0.000000
 0.808000 0.000000 0.000000
 0.810000 0.000000 0.000000
 0.812000 0.000000 0.000000
 0.814000 0.000000 0.000000
 0.816000 0.000000 0.000000
 0.818000 0.000000 0.000000
 0.820000 0.000000 0.000000
 0.822000 0.000000 0.000000
 0.824000 0.000000 0.000000
 0.826000 0.000000 0.000000
 0.828000 0.000000 0.000000
 0.830000 0.000000 0.000000
 0.832000 0.000000 0.000000
 0.834000 0.000000 0.000000
 0.836000 0.000000 0.000000
 0.838000 0.000000 0.000000
 0.840000 0.000000 0.000000
 0.842000 0.000000 0.000000
 0.844000 0.000000 0.000000
 0.846000 0.000000 0.000000
 0.848000 0.000000 0.000000
 0.850000 0.000000 0.000000
 0.852000 0.000000 0.000000
 0.854000 0.000000 0.000000
 0.856000 0.000000 0.000000
 0.858000 0.000000 0.000000
 0.860000 0.000000 0.000000
 0.862000 0.000000 0.000000
 0.864000 0.000000 0.000000
 0.866000 0.000000 0.000000
 0.868000 0.000000 0.000000
 0.870000 0.000000 0.000000
 0.872000 0.000000 0.000000
 0.874000 0.000000 0.000000
 0.876000 0.000000 0.000000
 0.878000 0.000000 0.000000
 0.880000 0.000000 0.000000
 0.882000 0.000000 0.000000
 0.884000 0.000000 0.000000
 0.886000 0.000000 0.000000
 0.888000 0.000000 0.000000
 0.890000 0.000000 0.000000
 0.892000 0.000000 0.000000
 0.894000 0.000000 0.000000
 0.896000 0.000000 0.000000
 0.898000 0.000000 0.000000
 0.900000 0.000000 0.000000
 0.902000 0.000000 0.000000
 0.904000 0.000000 0.000000
 0.906000 0.000000 0.000000
 0.908000 0.000000 0.000000
 0.910000 0.000000 0.000000
 0.912000 0.000000 0.000000
 0.914000 0.000000 0.000000
 0.916000 0.000000 0.000000
 0.918000 0.000000 0.000000
 0.920000 0.000000 0.000000
 0.922000 0.000000 0.000000
 0.924000 0.000000 0.000000
 0.926000 0.000000 0.000000
 0.928000 0.000000 0.000000
 0.930000 0.000000 0.000000
 0.932000 0.000000 0.000000
 0.934000 0.000000 0.000000
 0.936000 0.000000 0.000000
 0.938000 0.000000 0.000000
 0.940000 0.000000 0.000000
 0.942000 0.000000 0.000000
 0.944000 0.000000 0.000000
 0.946000 0.000000 0.000000
 0.948000 0.000000 0.000000
 0.950000 0.000000 0.000000
 0.952000 0.000000 0.000000
 0.954000 0.000000 0.000000
 0.956000 0.000000 0.000000
 0.958000 0.000000 0.000000
 0.960000 0.000000 0.000000
 0.962000 0.000000 0.000000
 0.964000 0.000000 0.000000
 0.966000 0.000000 0.000000
 0.968000 0.000000 0.000000
 0.970000 0.000000 0.000000
 0.972000 0.000000 0.000000
 0.974000 0.000000 0.000000
 0.976000 0.000000 0.000000
 0.978000 0.000000 0.000000
 0.980000 0.000000 0.000000
 0.982000 0.000000 0.000000
 0.984000 0.000000 0.000000
 0.986000 0.000000 0.000000
 0.988000 0.000000 0.000000
 0.990000 0.000000 0.000000
 0.992000 0.000000 0.000000
 0.994000 0.000000 0.000000
 0.996000 0.000000 0.000000
 0.998000 0.000000 0.000000
 1.000000 0.000000 0.000000
 1.002000 0.000000 0.000000
 1.004000 0.000000 0.000000
 1.006000 0.000000 0.000000
 1.008000 0.000000 0.000000
 1.010000 0.000000 0.000000
 1.012000 0.000000 0.000000
 1.014000 0.000000 0.000000
 1.016000 0.000000 0.000000
 1.018000 0.000000 0.000000
 1.020000 0.000000 0.000000
 1.022000 0.000000 0.000000
 1.024000 0.000000 0.000000
 1.026000 0.000000 0.000000
 1.028000 0.000000 0.000000
 1.030000 0.000000 0.000000
 1.032000 0.000000 0.000000
 1.034000 0.000000 0.000000
 1.036000 0.000000 0.000000
 1.038000 0.000000 0.000000
 1.040000 0.000000 0.000000
 1.042000 0.000000 0.000000
 1.044000 0.000000 0.000000
 1.046000 0.000000 0.000000
 1.048000 0.000000 0.000000
 1.050000 0.000000 0.000000
 1.052000 0.000000 0.000000
 1.054000 0.000000 0.000000
 1.056000 0.000000 0.000000
 1.058000 0.000000 0.000000
 1.060000 0.000000 0.000000
 1.062000 0.000000 0.000000
 1.064000 0.000000 0.000000
 1.066000 0.000000 0.000000
 1.068000 0.000000 0.000000
 1.070000 0.000000 0.000000
 1.072000 0.000000 0.000000
 1.074000 0.000000 0.000000
 1.076000 0.000000 0.000000
 1.078000 0.000000 0.000000
 1.080000 0.000000 0.000000
 1.082000 0.000000 0.000000
 1.084000 0.000000 0.000000
 1.086000 0.000000 0.000000
 1.088000 0.000000 0.000000
 1.090000 0.000000 0.000000
 1.092000 0.000000 0.000000
 1.094000 0.000000 0.000000
 1.096000 0.000000 0.000000
 1.098000 0.000000 0.000000
 1.100000 0.000000 0.000000
 1.102000 0.000000 0.000000
 1.104000 0.000000 0.000000
 1.106000 0.000000 0.000000
 1.108000 0.000000 0.000000
 1.110000 0.000000 0.000000
 1.112000 0.000000 0.000000
 1.114000 0.000000 0.000000
 1.116000 0.000000 0.000000
 1.118000 0.000000 0.000000
 1.120000 0.000000 0.000000
 1.122000 0.000000 0.000000
 1.124000 0.000000 0.000000
 1.126000 0.000000 0.000000
 1.128000 0.000000 0.000000
 1.130000 0.000000 0.000000
 1.132000 0.000000 0.000000
 1.134000 0.000000 0.000000
 1.136000 0.000000 0.000000
 1.138000 0.000000 0.000000
 1.140000 0.000000 0.000000
 1.142000 0.000000 0.000000
 1.144000 0.000000 0.000000
 1.146000 0.000000 0.000000
 1.148000 0.000000 0.000000
 1.150000 0.000000 0.000000
 1.152000 0.000000 0.000000
 1.154000 0.000000 0.000000
 1.156000 0.000000 0.000000
 1.158000 0.000000 0.000000
 1.160000 0.000000 0.000000
 1.162000 0.000000 0.000000
 1.164000 0.000000 0.000000
 1.166000 0.000000 0.000000
 1.168000 0.000000 0.000000
 1.170000 0.000000 0.000000
 1.172000 0.000000 0.000000
 1.174000 0.000000 0.000000
 1.176000 0.000000 0.000000
 1.178000 0.000000 0.000000
 1.180000 0.000000 0.000000
 1.182000 0.000000 0.000000
 1.184000 0.000000 0.000000
 1.186000 0.000000 0.000000
 1.188000 0.000000 0.000000
 1.190000 0.000000 0.000000
 1.192000 0.000000 0.000000
 1.194000 0.000000 0.000000
 1.196000 0.000000 0.000000
 1.198000 0.000000 0.000000
 1.200000 0.000000 0.000000
 1.202000 0.000000 0.000000
 1.204000 0.000000 0.000000
 1.206000 0.000000 0.000000
 1.208000 0.000000 0.000000
 1.210000 0.000000 0.000000
 1.212000 0.000000 0.000000
 1.214000 0.000000 0.000000
 1.216000 0.000000 0.000000
 1.218000 0.000000 0.000000
 1.220000 0.000000 0.000000
 1.222000 0.000000 0.000000
 1.224000 0.000000 0.000000
 1.226000 0.000000 0.000000
 1.228000 0.000000 0.000000
 1.230000 0.000000 0.000000
 1.232000 0.000000 0.000000
 1.234000 0.000000 0.000000
 1.236000 0.000000 0.000000
 1.238000 0.000000 0.000000
 1.240000 0.000000 0.000000
 1.242000 0.000000 0.000000
 1.244000 0.000000 0.000000
 1.246000 0.000000 0.000000
 1.248000 0.000000 0.000000
 1.250000 0.000000 0.000000
 1.252000 0.000000 0.000000
 1.254000 0.000000 0.000000
 1.256000 0.000000 0.000000
 1.258000 0.000000 0.000000
 1.260000 0.000000 0.000000
 1.262000 0.000000 0.000000
 1.264000 0.000000 0.000000
 1.266000 0.000000 0.000000
 1.268000 0.000000 0.000000
 1.270000 0.000000 0.000000
 1.272000 0.000000 0.000000
 1.274000 0.000000 0.000000
 1.276000 0.000000 0.000000
 1.278000 0.000000 0.000000
 1.280000 0.000000 0.000000
 1.282000 0.000000 0.000000
 1.284000 0.000000 0.000000
 1.286000 0.000000 0.000000
 1.288000 0.000000 0.000000
 1.290000 0.000000 0.000000
 1.292000 0.000000 0.000000
 1.294000 0.000000 0.000000
 1.296000 0.000000 0.000000
 1.298000 0.000000 0.000000
 1.300000 0.000000 0.000000
 1.302000 0.000000 0.000000
 1.304000 0.000000 0.000000
 1.306000 0.000000 0.000000
 1.308000 0.000000 0.000000
 1.310000 0.000000 0.000000
 1.312000 0.000000 0.000000
 1.314000 0.000000 0.000000
 1.316000 0.000000 0.000000
 1.318000 0.000000 0.000000
 1.320000 0.000000 0.000000
 1.322000 0.000000 0.000000
 1.324000 0.000000 0.000000
 1.326000 0.000000 0.000000
 1.328000 0.000000 0.000000
 1.330000 0.000000 0.000000
 1.332000 0.000000 0.000000
 1.334000 0.000000 0.000000
 1.336000 0.000000 0.000000
 1.338000 0.000000 0.000000
 1.340000 0.000000 0.000000
 1.342000 0.000000 0.000000
 1.344000 0.000000 0.000000
 1.346000 0.000000 0.000000
 1.348000 0.000000 0.000000
 1.350000 0.000000 0.000000
 1.352000 0.000000 0.000000
 1.354000 0.000000 0.000000
 1.356000 0.000000 0.000000
 1.358000 0.000000 0.000000
 1.360000 0.000000 0.000000
 1.362000 0.000000 0.000000
 1.364000 0.000000 0.000000
 1.366000 0.000000 0.000000
 1.368000 0.000000 0.000000
 1.370000 0.000000 0.000000
 1.372000 0.000000 0.000000
 1.374000 0.000000 0.000000
 1.376000 0.000000 0.000000
 1.378000 0.000000 0.000000
 1.380000 0.000000 0.000000
 1.382000 0.000000 0.000000
 1.384000 0.000000 0.000000
 1.386000 0.000000 0.000000
 1.388000 0.000000 0.000000
 1.390000 0.000000 0.000000
 1.392000 0.000000 0.000000
 1.394000 0.000000 0.000000
 1.396000 0.000000 0.000000
 1.398000 0.000000 0.000000
 1.400000 0.000000 0.000000
 1.402000 0.000000 0.000000
 1.404000 0.000000 0.000000
 1.406000 0.000000 0.000000
 1.408000 0.000000 0.000000
 1.410000 0.000000 0.000000
 1.412000 0.000000 0.000000
 1.414000 0.000000 0.000000
 1.416000 0.000000 0.000000
 1.418000 0.000000 0.000000
 1.420000 0.000000 0.000000
 1.422000 0.000000 0.000000
 1.424000 0.000000 0.000000
 1.426000 0.000000 0.000000
 1.428000 0.000000 0.000000
 1.430000 0.000000 0.000000
 1.432000 0.000000 0.000000
 1.434000 0.000000 0.000000
 1.436000 0.000000 0.000000
 1.438000 0.000000 0.000000
 1.440000 0.000000 0.000000
 1.442000 0.000000 0.000000
 1.444000 0.000000 0.000000
 1.446000 0.000000 0.000000
 1.448000 0.000000 0.000000
 1.450000 0.000000 0.000000
 1.452000 0.000000 0.000000
 1.454000 0.000000 0.000000
 1.456000 0.000000 0.000000
 1.458000 0.000000 0.000000
 1.460000 0.000000 0.000000
 1.462000 0.000000 0.000000
 1.464000 0.000000 0.000000
 1.466000 0.000000 0.000000
 1.468000 0.000000 0.000000
 1.470000 0.000000 0.000000
 1.472000 0.000000 0.000000
 1.474000 0.000000 0.000000
 1.476000 0.000000 0.000000
 1.478000 0.000000 0.000000
 1.480000 0.000000 0.000000
 1.482000 0.000000 0.000000
 1.484000 0.000000 0.000000
 1.486000 0.000000 0.000000
 1.488000 0.000000 0.000000
 1.490000 0.000000 0.000000
 1.492000 0.000000 0.000000
 1.494000 0.000000 0.000000
 1.496000 0.000000 0.000000
 1.498000 0.000000 0.000000
 1.500000 0.000000 0.000000
