#! FIELDS refcv hh dhh_refcv
#! SET normalisation  400.000000
#! SET min_refcv -0.5
#! SET max_refcv 1.5
#! SET nbins_refcv  1000
#! SET periodic_refcv false
 -0.500000 0.000000 0.000000
 -0.498000 0.000000 0.000000
 -0.496000 0.000000 0.000000
 -0.494000 0.000000 0.000000
 -0.492000 0.000000 0.000000
 -0.490000 0.000000 0.000000
 -0.488000 0.000000 0.000000
 -0.486000 0.000000 0.000000
 -0.484000 0.000000 0.000000
 -0.482000 0.000000 0.000000
 -0.480000 0.000000 0.000000
 -0.478000 0.000000 0.000000
 -0.476000 0.000000 0.000000
 -0.474000 0.000000 0.000000
 -0.472000 0.000000 0.000000
 -0.470000 0.000000 0.000000
 -0.468000 0.000000 0.000000
 -0.466000 0.000000 0.000000
 -0.464000 0.000000 0.000000
 -0.462000 0.000000 0.000000
 -0.460000 0.000000 0.000000
 -0.458000 0.000000 0.000000
 -0.456000 0.000000 0.000000
 -0.454000 0.000000 0.000000
 -0.452000 0.000000 0.000000
 -0.450000 0.000000 0.000000
 -0.448000 0.000000 0.000000
 -0.446000 0.000000 0.000000
 -0.444000 0.000000 0.000000
 -0.442000 0.000000 0.000000
 -0.440000 0.000000 0.000000
 -0.438000 0.000000 0.000000
 -0.436000 0.000000 0.000000
 -0.434000 0.000000 0.000000
 -0.432000 0.000000 0.000000
 -0.430000 0.000000 0.000000
 -0.428000 0.000000 0.000000
 -0.426000 0.000000 0.000000
 -0.424000 0.000000 0.000000
 -0.422000 0.000000 0.000000
 -0.420000 0.000000 0.000000
 -0.418000 0.000000 0.000000
 -0.416000 0.000000 0.000000
 -0.414000 0.000000 0.000000
 -0.412000 0.000000 0.000000
 -0.410000 0.000000 0.000000
 -0.408000 0.000000 0.000000
 -0.406000 0.000000 0.000000
 -0.404000 0.000000 0.000000
 -0.402000 0.000000 0.000000
 -0.400000 0.000000 0.000000
 -0.398000 0.000000 0.000000
 -0.396000 0.000000 0.000000
 -0.394000 0.000000 0.000000
 -0.392000 0.000000 0.000000
 -0.390000 0.000000 0.000000
 -0.388000 0.000000 0.000000
 -0.386000 0.000000 0.000000
 -0.384000 0.000000 0.000000
 -0.382000 0.000000 0.000000
 -0.380000 0.000000 0.000000
 -0.378000 0.000000 0.000000
 -0.376000 0.000000 0.000000
 -0.374000 0.000000 0.000000
 -0.372000 0.000000 0.000000
 -0.370000 0.000000 0.000000
 -0.368000 0.000000 0.000000
 -0.366000 0.000000 0.000000
 -0.364000 0.000000 0.000000
 -0.362000 0.000000 0.000000
 -0.360000 0.000000 0.000000
 -0.358000 0.000000 0.000000
 -0.356000 0.000000 0.000000
 -0.354000 0.000000 0.000000
 -0.352000 0.000000 0.000000
 -0.350000 0.000000 0.000000
 -0.348000 0.000000 0.000000
 -0.346000 0.000000 0.000000
 -0.344000 0.000000 0.000000
 -0.342000 0.000000 0.000000
 -0.340000 0.000000 0.000000
 -0.338000 0.000000 0.000000
 -0.336000 0.000000 0.000000
 -0.334000 0.000000 0.000000
 -0.332000 0.000000 0.000000
 -0.330000 0.000000 0.000000
 -0.328000 0.000000 0.000000
 -0.326000 0.000000 0.000000
 -0.324000 0.000000 0.000000
 -0.322000 0.000000 0.000000
 -0.320000 0.000000 0.000000
 -0.318000 0.000000 0.000000
 -0.316000 0.000000 0.000000
 -0.314000 0.000000 0.000000
 -0.312000 0.000000 0.000000
 -0.310000 0.000000 0.000000
 -0.308000 0.000000 0.000000
 -0.306000 0.000000 0.000000
 -0.304000 0.000000 0.000000
 -0.302000 0.000000 0.000000
 -0.300000 0.000000 0.000000
 -0.298000 0.000000 0.000000
 -0.296000 0.000000 0.000000
 -0.294000 0.000000 0.000000
 -0.292000 0.000000 0.000000
 -0.290000 0.000000 0.000000
 -0.288000 0.000000 0.000000
 -0.286000 0.000000 0.000000
 -0.284000 0.000000 0.000000
 -0.282000 0.000000 0.000000
 -0.280000 0.000000 0.000000
 -0.278000 0.000000 0.000000
 -0.276000 0.000000 0.000000
 -0.274000 0.000000 0.000000
 -0.272000 0.000000 0.000000
 -0.270000 0.000000 0.000000
 -0.268000 0.000000 0.000000
 -0.266000 0.000000 0.000000
 -0.264000 0.000000 0.000000
 -0.262000 0.000000 0.000000
 -0.260000 0.000000 0.000000
 -0.258000 0.000000 0.000000
 -0.256000 0.000000 0.000000
 -0.254000 0.000000 0.000000
 -0.252000 0.000000 0.000000
 -0.250000 0.000000 0.000000
 -0.248000 0.000000 0.000000
 -0.246000 0.000000 0.000000
 -0.244000 0.000000 0.000000
 -0.242000 0.000000 0.000000
 -0.240000 0.000000 0.000000
 -0.238000 0.000000 0.000000
 -0.236000 0.000000 0.000000
 -0.234000 0.000000 0.000000
 -0.232000 0.000000 0.000000
 -0.230000 0.000000 0.000000
 -0.228000 0.000000 0.000000
 -0.226000 0.000000 0.000000
 -0.224000 0.000000 0.000000
 -0.222000 0.000000 0.000000
 -0.220000 0.000000 0.000000
 -0.218000 0.000000 0.000000
 -0.216000 0.000000 0.000000
 -0.214000 0.000000 0.000000
 -0.212000 0.000000 0.000000
 -0.210000 0.000000 0.000000
 -0.208000 0.000000 0.000000
 -0.206000 0.000000 0.000000
 -0.204000 0.000000 0.000000
 -0.202000 0.000000 0.000000
 -0.200000 0.000000 0.000000
 -0.198000 0.000000 0.000000
 -0.196000 0.000000 0.000000
 -0.194000 0.000000 0.000000
 -0.192000 0.000000 0.000000
 -0.190000 0.000000 0.000000
 -0.188000 0.000000 0.000000
 -0.186000 0.000000 0.000000
 -0.184000 0.000000 0.000000
 -0.182000 0.000000 0.000000
 -0.180000 0.000000 0.000000
 -0.178000 0.000000 0.000000
 -0.176000 0.000000 0.000000
 -0.174000 0.000000 0.000000
 -0.172000 0.000000 0.000000
 -0.170000 0.000000 0.000000
 -0.168000 0.000000 0.000000
 -0.166000 0.000000 0.000000
 -0.164000 0.000000 0.000000
 -0.162000 0.000000 0.000000
 -0.160000 0.000000 0.000000
 -0.158000 0.000000 0.000000
 -0.156000 0.000000 0.000000
 -0.154000 0.000000 0.000000
 -0.152000 0.000000 0.000000
 -0.150000 0.000000 0.000000
 -0.148000 0.000000 0.000000
 -0.146000 0.000000 0.000000
 -0.144000 0.000000 0.000000
 -0.142000 0.000000 0.000000
 -0.140000 0.000000 0.000000
 -0.138000 0.000000 0.000000
 -0.136000 0.000000 0.000000
 -0.134000 0.000000 0.000000
 -0.132000 0.000000 0.000000
 -0.130000 0.000000 0.000000
 -0.128000 0.000000 0.000000
 -0.126000 0.000000 0.000000
 -0.124000 0.000000 0.000000
 -0.122000 0.000000 0.000000
 -0.120000 0.000000 0.000000
 -0.118000 0.000000 0.000000
 -0.116000 0.000000 0.000000
 -0.114000 0.000000 0.000000
 -0.112000 0.000000 0.000000
 -0.110000 0.000000 0.000000
 -0.108000 0.000000 0.000000
 -0.106000 0.000000 0.000000
 -0.104000 0.000000 0.000000
 -0.102000 0.000000 0.000000
 -0.100000 0.000000 0.000000
 -0.098000 0.000000 0.000000
 -0.096000 0.000000 0.000000
 -0.094000 0.000000 0.000000
 -0.092000 0.000000 0.000000
 -0.090000 0.000000 0.000000
 -0.088000 0.000000 0.000000
 -0.086000 0.000000 0.000000
 -0.084000 0.000000 0.000000
 -0.082000 0.000000 0.000000
 -0.080000 0.000000 0.000000
 -0.078000 0.000000 0.000000
 -0.076000 0.000000 0.000000
 -0.074000 0.000000 0.000000
 -0.072000 0.000000 0.000000
 -0.070000 0.000000 0.000000
 -0.068000 0.000000 0.000000
 -0.066000 0.000000 0.000000
 -0.064000 0.000000 0.000000
 -0.062000 0.000000 0.000000
 -0.060000 0.000000 0.000000
 -0.058000 0.000000 0.000000
 -0.056000 0.000000 0.000000
 -0.054000 0.000000 0.000000
 -0.052000 0.000000 0.000000
 -0.050000 0.000000 0.000000
 -0.048000 0.000000 0.000000
 -0.046000 0.000000 0.000000
 -0.044000 0.000000 0.000000
 -0.042000 0.000000 0.000000
 -0.040000 0.000000 0.000000
 -0.038000 0.000000 0.000000
 -0.036000 0.000000 0.000000
 -0.034000 0.000000 0.000000
 -0.032000 0.000000 0.000000
 -0.030000 0.000000 0.000000
 -0.028000 0.000000 0.000000
 -0.026000 0.000000 0.000000
 -0.024000 0.000000 0.000000
 -0.022000 0.000000 0.000000
 -0.020000 0.000000 0.000000
 -0.018000 0.000000 0.000000
 -0.016000 0.000000 0.000000
 -0.014000 0.000000 0.000000
 -0.012000 0.000000 0.000000
 -0.010000 0.000000 0.000000
 -0.008000 0.000000 0.000000
 -0.006000 0.000000 0.000000
 -0.004000 0.000000 0.000000
 -0.002000 0.000000 0.000000
 0.000000 0.000000 0.000000
 0.002000 0.000000 0.000000
 0.004000 0.000000 0.000000
 0.006000 0.000000 0.000000
 0.008000 0.000000 0.000000
 0.010000 0.000000 0.000000
 0.012000 0.000000 0.000000
 0.014000 0.000000 0.000000
 0.016000 0.000000 0.000000
 0.018000 0.000000 0.000000
 0.020000 0.000000 0.000000
 0.022000 0.000000 0.000000
 0.024000 0.000000 0.000000
 0.026000 0.000000 0.000000
 0.028000 0.000000 0.000000
 0.030000 0.000000 0.000000
 0.032000 0.000000 0.000000
 0.034000 0.000000 0.000000
 0.036000 0.000000 0.000000
 0.038000 0.000000 0.000000
 0.040000 0.000000 0.000000
 0.042000 0.000000 0.000000
 0.044000 0.000000 0.000000
 0.046000 0.000000 0.000000
 0.048000 0.000000 0.000000
 0.050000 0.000000 0.000000
 0.052000 0.000000 0.000000
 0.054000 0.000000 0.000000
 0.056000 0.000000 0.000000
 0.058000 0.000000 0.000000
 0.060000 0.000000 0.000000
 0.062000 0.000000 0.000000
 0.064000 0.000000 0.000000
 0.066000 0.000000 0.000000
 0.068000 0.000000 0.000000
 0.070000 0.000000 0.000000
 0.072000 0.000000 0.000000
 0.074000 0.000000 0.000000
 0.076000 0.000000 0.000000
 0.078000 0.000000 0.000000
 0.080000 0.000000 0.000000
 0.082000 0.000000 0.000000
 0.084000 0.000000 0.000000
 0.086000 0.000000 0.000000
 0.088000 0.000000 0.000000
 0.090000 0.000000 0.000000
 0.092000 0.000000 0.000000
 0.094000 0.000000 0.000000
 0.096000 0.000000 0.000000
 0.098000 0.000000 0.000000
 0.100000 0.000000 0.000000
 0.102000 0.000000 0.000000
 0.104000 0.000000 0.000000
 0.106000 0.000000 0.000000
 0.108000 0.000000 0.000000
 0.110000 0.000000 0.000000
 0.112000 0.000000 0.000000
 0.114000 0.000000 0.000000
 0.116000 0.000000 0.000000
 0.118000 0.000000 0.000000
 0.120000 0.000000 0.000000
 0.122000 0.000000 0.000000
 0.124000 0.000000 0.000000
 0.126000 0.000000 0.000000
 0.128000 0.000000 0.000000
 0.130000 0.000000 0.000000
 0.132000 0.000000 0.000000
 0.134000 0.000000 0.000000
 0.136000 0.000000 0.000000
 0.138000 0.000000 0.000000
 0.140000 0.000000 0.000000
 0.142000 0.000000 0.000000
 0.144000 0.000000 0.000000
 0.146000 0.000000 0.000000
 0.148000 0.000000 0.000000
 0.150000 0.000000 0.000000
 0.152000 0.000000 0.000000
 0.154000 0.000000 0.000000
 0.156000 0.000000 0.000000
 0.158000 0.000000 0.000000
 0.160000 0.000000 0.000000
 0.162000 0.000000 0.000000
 0.164000 0.000000 0.000000
 0.166000 0.000000 0.000000
 0.168000 0.000004 0.000543
 0.170000 0.000005 0.000706
 0.172000 0.000010 0.001345
 0.174000 0.000013 0.001736
 0.176000 0.000017 0.002225
 0.178000 0.000022 0.002833
 0.180000 0.000028 0.003582
 0.182000 0.000036 0.004497
 0.184000 0.000046 0.005607
 0.186000 0.000062 0.007376
 0.188000 0.000078 0.009102
 0.190000 0.000098 0.011156
 0.192000 0.000123 0.013581
 0.194000 0.000153 0.016418
 0.196000 0.000192 0.020194
 0.198000 0.000240 0.024606
 0.200000 0.000293 0.029259
 0.202000 0.000360 0.035013
 0.204000 0.000440 0.041663
 0.206000 0.000537 0.049704
 0.208000 0.000654 0.059321
 0.210000 0.000785 0.069342
 0.212000 0.000955 0.083093
 0.214000 0.001140 0.096846
 0.216000 0.001362 0.113455
 0.218000 0.001626 0.133356
 0.220000 0.001936 0.156450
 0.222000 0.002291 0.182218
 0.224000 0.002702 0.211666
 0.226000 0.003202 0.249144
 0.228000 0.003775 0.291374
 0.230000 0.004452 0.341796
 0.232000 0.005238 0.400506
 0.234000 0.006165 0.470570
 0.236000 0.007244 0.552116
 0.238000 0.008517 0.649716
 0.240000 0.010014 0.765360
 0.242000 0.011789 0.904319
 0.244000 0.013888 1.070136
 0.246000 0.016387 1.270145
 0.248000 0.019357 1.509716
 0.250000 0.022784 1.781315
 0.252000 0.026834 2.102518
 0.254000 0.031657 2.487453
 0.256000 0.037286 2.931151
 0.258000 0.043899 3.448964
 0.260000 0.051648 4.049694
 0.262000 0.060738 4.748478
 0.264000 0.071287 5.544711
 0.266000 0.083560 6.457028
 0.268000 0.097863 7.507223
 0.270000 0.114362 8.692928
 0.272000 0.133515 10.051379
 0.274000 0.155571 11.584995
 0.276000 0.180865 13.304655
 0.278000 0.209785 15.225319
 0.280000 0.242867 17.378417
 0.282000 0.280436 19.759769
 0.284000 0.322971 22.383110
 0.286000 0.371048 25.271115
 0.288000 0.425199 28.435466
 0.290000 0.485822 31.862900
 0.292000 0.553655 35.585574
 0.294000 0.629267 39.606180
 0.296000 0.713189 43.917829
 0.298000 0.806040 48.523272
 0.300000 0.908402 53.416707
 0.302000 1.020842 58.588596
 0.304000 1.143801 64.009454
 0.306000 1.277845 69.669337
 0.308000 1.423504 75.553427
 0.310000 1.581021 81.608274
 0.312000 1.750839 87.814241
 0.314000 1.933105 94.114586
 0.316000 2.127993 100.464061
 0.318000 2.335640 106.821918
 0.320000 2.555930 113.121827
 0.322000 2.788710 119.305231
 0.324000 3.033580 125.292279
 0.326000 3.290207 131.030380
 0.328000 3.557973 136.442822
 0.330000 3.836120 141.452456
 0.332000 4.123824 145.993593
 0.334000 4.420048 149.991054
 0.336000 4.723719 153.386661
 0.338000 5.033486 156.104989
 0.340000 5.347922 158.081918
 0.342000 5.665528 159.266117
 0.344000 5.984682 159.610021
 0.346000 6.303615 159.065489
 0.348000 6.620535 157.600422
 0.350000 6.933553 155.187437
 0.352000 7.240797 151.814699
 0.354000 7.540316 147.475602
 0.356000 7.830206 142.176944
 0.358000 8.108540 135.932922
 0.360000 8.373460 128.771214
 0.362000 8.623154 120.727378
 0.364000 8.855926 111.851415
 0.366000 9.070129 102.194882
 0.368000 9.264314 91.830491
 0.370000 9.437100 80.824897
 0.372000 9.587329 69.265988
 0.374000 9.713946 57.236273
 0.376000 9.816101 44.827926
 0.378000 9.893129 32.136925
 0.380000 9.944588 19.264547
 0.382000 9.970193 6.307199
 0.384000 9.969883 -6.631425
 0.386000 9.943766 -19.456494
 0.388000 9.892219 -32.062477
 0.390000 9.815738 -44.358947
 0.392000 9.715050 -56.255660
 0.394000 9.591039 -67.660580
 0.396000 9.444786 -78.499295
 0.398000 9.277472 -88.696791
 0.400000 9.090450 -98.187046
 0.402000 8.885206 -106.911895
 0.404000 8.663318 -114.824945
 0.406000 8.426440 -121.888322
 0.408000 8.176285 -128.065990
 0.410000 7.914676 -133.348632
 0.412000 7.643400 -137.723081
 0.414000 7.364278 -141.191324
 0.416000 7.079103 -143.763469
 0.418000 6.789657 -145.462990
 0.420000 6.497659 -146.313255
 0.422000 6.204741 -146.358093
 0.424000 5.912472 -145.637809
 0.426000 5.622344 -144.207323
 0.428000 5.335690 -142.120069
 0.430000 5.053773 -139.439064
 0.432000 4.777818 -136.243716
 0.434000 4.508693 -132.581177
 0.436000 4.247222 -128.515432
 0.438000 3.994233 -124.127069
 0.440000 3.750261 -119.473262
 0.442000 3.515787 -114.618501
 0.444000 3.291112 -109.617353
 0.446000 3.076576 -104.540555
 0.448000 2.872216 -99.426686
 0.450000 2.677996 -94.312609
 0.452000 2.493996 -89.259638
 0.454000 2.319899 -84.276798
 0.456000 2.155619 -79.410889
 0.458000 2.000967 -74.696070
 0.460000 1.855578 -70.143128
 0.462000 1.719033 -65.754547
 0.464000 1.591117 -61.561951
 0.466000 1.471429 -57.568930
 0.468000 1.359510 -53.767984
 0.470000 1.254958 -50.158128
 0.472000 1.157571 -46.764066
 0.474000 1.066710 -43.544909
 0.476000 0.982065 -40.503811
 0.478000 0.903349 -37.644758
 0.480000 0.830162 -34.952303
 0.482000 0.762201 -32.422817
 0.484000 0.699118 -30.043494
 0.486000 0.640746 -27.825604
 0.488000 0.586657 -25.740464
 0.490000 0.536551 -23.776042
 0.492000 0.490346 -21.950302
 0.494000 0.447630 -20.231915
 0.496000 0.408298 -18.632423
 0.498000 0.372117 -17.143947
 0.500000 0.338765 -15.744410
 0.502000 0.308150 -14.443507
 0.504000 0.280049 -13.231642
 0.506000 0.254392 -12.119576
 0.508000 0.230866 -11.082488
 0.510000 0.209357 -10.122957
 0.512000 0.189759 -9.243664
 0.514000 0.171862 -8.430956
 0.516000 0.155558 -7.685349
 0.518000 0.140636 -6.990706
 0.520000 0.127087 -6.359244
 0.522000 0.114796 -5.787269
 0.524000 0.103596 -5.261809
 0.526000 0.093382 -4.778417
 0.528000 0.084122 -4.341511
 0.530000 0.075713 -3.944907
 0.532000 0.068087 -3.586431
 0.534000 0.061136 -3.257234
 0.536000 0.054829 -2.958915
 0.538000 0.049082 -2.684616
 0.540000 0.043873 -2.436165
 0.542000 0.039142 -2.209195
 0.544000 0.034864 -2.003906
 0.546000 0.030968 -1.813422
 0.548000 0.027472 -1.643637
 0.550000 0.024279 -1.483291
 0.552000 0.021415 -1.339034
 0.554000 0.018802 -1.201828
 0.556000 0.016467 -1.077947
 0.558000 0.014375 -0.964562
 0.560000 0.012511 -0.861576
 0.562000 0.010832 -0.764843
 0.564000 0.009352 -0.678005
 0.566000 0.008039 -0.598516
 0.568000 0.006907 -0.530050
 0.570000 0.005884 -0.463793
 0.572000 0.005000 -0.405435
 0.574000 0.004234 -0.353465
 0.576000 0.003559 -0.305212
 0.578000 0.002970 -0.261244
 0.580000 0.002474 -0.223741
 0.582000 0.002053 -0.190904
 0.584000 0.001688 -0.160942
 0.586000 0.001378 -0.134581
 0.588000 0.001126 -0.113088
 0.590000 0.000909 -0.093502
 0.592000 0.000734 -0.077517
 0.594000 0.000589 -0.063775
 0.596000 0.000470 -0.052145
 0.598000 0.000372 -0.042318
 0.600000 0.000295 -0.034497
 0.602000 0.000218 -0.025678
 0.604000 0.000172 -0.020756
 0.606000 0.000130 -0.016123
 0.608000 0.000098 -0.012366
 0.610000 0.000076 -0.009821
 0.612000 0.000059 -0.007746
 0.614000 0.000045 -0.006067
 0.616000 0.000027 -0.003723
 0.618000 0.000017 -0.002354
 0.620000 0.000010 -0.001352
 0.622000 0.000004 -0.000591
 0.624000 0.000000 0.000000
 0.626000 0.000000 0.000000
 0.628000 0.000000 0.000000
 0.630000 0.000000 0.000000
 0.632000 0.000000 0.000000
 0.634000 0.000000 0.000000
 0.636000 0.000000 0.000000
 0.638000 0.000000 0.000000
 0.640000 0.000000 0.000000
 0.642000 0.000000 0.000000
 0.644000 0.000000 0.000000
 0.646000 0.000000 0.000000
 0.648000 0.000000 0.000000
 0.650000 0.000000 0.000000
 0.652000 0.000000 0.000000
 0.654000 0.000000 0.000000
 0.656000 0.000000 0.000000
 0.658000 0.000000 0.000000
 0.660000 0.000000 0.000000
 0.662000 0.000000 0.000000
 0.664000 0.000000 0.000000
 0.666000 0.000000 0.000000
 0.668000 0.000000 0.000000
 0.670000 0.000000 0.000000
 0.672000 0.000000 0.000000
 0.674000 0.000000 0.000000
 0.676000 0.000000 0.000000
 0.678000 0.000000 0.000000
 0.680000 0.000000 0.000000
 0.682000 0.000000 0.000000
 0.684000 0.000000 0.000000
 0.686000 0.000000 0.000000
 0.688000 0.000000 0.000000
 0.690000 0.000000 0.000000
 0.692000 0.000000 0.000000
 0.694000 0.000000 0.000000
 0.696000 0.000000 0.000000
 0.698000 0.000000 0.000000
 0.700000 0.000000 0.000000
 0.702000 0.000000 0.000000
 0.704000 0.000000 0.000000
 0.706000 0.000000 0.000000
 0.708000 0.000000 0.000000
 0.710000 0.000000 0.000000
 0.712000 0.000000 0.000000
 0.714000 0.000000 0.000000
 0.716000 0.000000 0.000000
 0.718000 0.000000 0.000000
 0.720000 0.000000 0.000000
 0.722000 0.000000 0.000000
 0.724000 0.000000 0.000000
 0.726000 0.000000 0.000000
 0.728000 0.000000 0.000000
 0.730000 0.000000 0.000000
 0.732000 0.000000 0.000000
 0.734000 0.000000 0.000000
 0.736000 0.000000 0.000000
 0.738000 0.000000 0.000000
 0.740000 0.000000 0.000000
 0.742000 0.000000 0.000000
 0.744000 0.000000 0.000000
 0.746000 0.000000 0.000000
 0.748000 0.000000 0.000000
 0.750000 0.000000 0.000000
 0.752000 0.000000 0.000000
 0.754000 0.000000 0.000000
 0.756000 0.000000 0.000000
 0.758000 0.000000 0.000000
 0.760000 0.000000 0.000000
 0.762000 0.000000 0.000000
 0.764000 0.000000 0.000000
 0.766000 0.000000 0.000000
 0.768000 0.000000 0.000000
 0.770000 0.000000 0.000000
 0.772000 0.000000 0.000000
 0.774000 0.000000 0.000000
 0.776000 0.000000 0.000000
 0.778000 0.000000 0.000000
 0.780000 0.000000 0.000000
 0.782000 0.000000 0.000000
 0.784000 0.000000 0.000000
 0.786000 0.000000 0.000000
 0.788000 0.000000 0.000000
 0.790000 0.000000 0.000000
 0.792000 0.000000 0.000000
 0.794000 0.000000 0.000000
 0.796000 0.000000 0.000000
 0.798000 0.000000 0.000000
 0.800000 0.000000 0.000000
 0.802000 0.000000 0.000000
 0.804000 0.000000 0.000000
 0.806000 0.000000 0.000000
 0.808000 0.000000 0.000000
 0.810000 0.000000 0.000000
 0.812000 0.000000 0.000000
 0.814000 0.000000 0.000000
 0.816000 0.000000 0.000000
 0.818000 0.000000 0.000000
 0.820000 0.000000 0.000000
 0.822000 0.000000 0.000000
 0.824000 0.000000 0.000000
 0.826000 0.000000 0.000000
 0.828000 0.000000 0.000000
 0.830000 0.000000 0.000000
 0.832000 0.000000 0.000000
 0.834000 0.000000 0.000000
 0.836000 0.000000 0.000000
 0.838000 0.000000 0.000000
 0.840000 0.000000 0.000000
 0.842000 0.000000 0.000000
 0.844000 0.000000 0.000000
 0.846000 0.000000 0.000000
 0.848000 0.000000 0.000000
 0.850000 0.000000 0.000000
 0.852000 0.000000 0.000000
 0.854000 0.000000 0.000000
 0.856000 0.000000 0.000000
 0.858000 0.000000 0.000000
 0.860000 0.000000 0.000000
 0.862000 0.000000 0.000000
 0.864000 0.000000 0.000000
 0.866000 0.000000 0.000000
 0.868000 0.000000 0.000000
 0.870000 0.000000 0.000000
 0.872000 0.000000 0.000000
 0.874000 0.000000 0.000000
 0.876000 0.000000 0.000000
 0.878000 0.000000 0.000000
 0.880000 0.000000 0.000000
 0.882000 0.000000 0.000000
 0.884000 0.000000 0.000000
 0.886000 0.000000 0.000000
 0.888000 0.000000 0.000000
 0.890000 0.000000 0.000000
 0.892000 0.000000 0.000000
 0.894000 0.000000 0.000000
 0.896000 0.000000 0.000000
 0.898000 0.000000 0.000000
 0.900000 0.000000 0.000000
 0.902000 0.000000 0.000000
 0.904000 0.000000 0.000000
 0.906000 0.000000 0.000000
 0.908000 0.000000 0.000000
 0.910000 0.000000 0.000000
 0.912000 0.000000 0.000000
 0.914000 0.000000 0.000000
 0.916000 0.000000 0.000000
 0.918000 0.000000 0.000000
 0.920000 0.000000 0.000000
 0.922000 0.000000 0.000000
 0.924000 0.000000 0.000000
 0.926000 0.000000 0.000000
 0.928000 0.000000 0.000000
 0.930000 0.000000 0.000000
 0.932000 0.000000 0.000000
 0.934000 0.000000 0.000000
 0.936000 0.000000 0.000000
 0.938000 0.000000 0.000000
 0.940000 0.000000 0.000000
 0.942000 0.000000 0.000000
 0.944000 0.000000 0.000000
 0.946000 0.000000 0.000000
 0.948000 0.000000 0.000000
 0.950000 0.000000 0.000000
 0.952000 0.000000 0.000000
 0.954000 0.000000 0.000000
 0.956000 0.000000 0.000000
 0.958000 0.000000 0.000000
 0.960000 0.000000 0.000000
 0.962000 0.000000 0.000000
 0.964000 0.000000 0.000000
 0.966000 0.000000 0.000000
 0.968000 0.000000 0.000000
 0.970000 0.000000 0.000000
 0.972000 0.000000 0.000000
 0.974000 0.000000 0.000000
 0.976000 0.000000 0.000000
 0.978000 0.000000 0.000000
 0.980000 0.000000 0.000000
 0.982000 0.000000 0.000000
 0.984000 0.000000 0.000000
 0.986000 0.000000 0.000000
 0.988000 0.000000 0.000000
 0.990000 0.000000 0.000000
 0.992000 0.000000 0.000000
 0.994000 0.000000 0.000000
 0.996000 0.000000 0.000000
 0.998000 0.000000 0.000000
 1.000000 0.000000 0.000000
 1.002000 0.000000 0.000000
 1.004000 0.000000 0.000000
 1.006000 0.000000 0.000000
 1.008000 0.000000 0.000000
 1.010000 0.000000 0.000000
 1.012000 0.000000 0.000000
 1.014000 0.000000 0.000000
 1.016000 0.000000 0.000000
 1.018000 0.000000 0.000000
 1.020000 0.000000 0.000000
 1.022000 0.000000 0.000000
 1.024000 0.000000 0.000000
 1.026000 0.000000 0.000000
 1.028000 0.000000 0.000000
 1.030000 0.000000 0.000000
 1.032000 0.000000 0.000000
 1.034000 0.000000 0.000000
 1.036000 0.000000 0.000000
 1.038000 0.000000 0.000000
 1.040000 0.000000 0.000000
 1.042000 0.000000 0.000000
 1.044000 0.000000 0.000000
 1.046000 0.000000 0.000000
 1.048000 0.000000 0.000000
 1.050000 0.000000 0.000000
 1.052000 0.000000 0.000000
 1.054000 0.000000 0.000000
 1.056000 0.000000 0.000000
 1.058000 0.000000 0.000000
 1.060000 0.000000 0.000000
 1.062000 0.000000 0.000000
 1.064000 0.000000 0.000000
 1.066000 0.000000 0.000000
 1.068000 0.000000 0.000000
 1.070000 0.000000 0.000000
 1.072000 0.000000 0.000000
 1.074000 0.000000 0.000000
 1.076000 0.000000 0.000000
 1.078000 0.000000 0.000000
 1.080000 0.000000 0.000000
 1.082000 0.000000 0.000000
 1.084000 0.000000 0.000000
 1.086000 0.000000 0.000000
 1.088000 0.000000 0.000000
 1.090000 0.000000 0.000000
 1.092000 0.000000 0.000000
 1.094000 0.000000 0.000000
 1.096000 0.000000 0.000000
 1.098000 0.000000 0.000000
 1.100000 0.000000 0.000000
 1.102000 0.000000 0.000000
 1.104000 0.000000 0.000000
 1.106000 0.000000 0.000000
 1.108000 0.000000 0.000000
 1.110000 0.000000 0.000000
 1.112000 0.000000 0.000000
 1.114000 0.000000 0.000000
 1.116000 0.000000 0.000000
 1.118000 0.000000 0.000000
 1.120000 0.000000 0.000000
 1.122000 0.000000 0.000000
 1.124000 0.000000 0.000000
 1.126000 0.000000 0.000000
 1.128000 0.000000 0.000000
 1.130000 0.000000 0.000000
 1.132000 0.000000 0.000000
 1.134000 0.000000 0.000000
 1.136000 0.000000 0.000000
 1.138000 0.000000 0.000000
 1.140000 0.000000 0.000000
 1.142000 0.000000 0.000000
 1.144000 0.000000 0.000000
 1.146000 0.000000 0.000000
 1.148000 0.000000 0.000000
 1.150000 0.000000 0.000000
 1.152000 0.000000 0.000000
 1.154000 0.000000 0.000000
 1.156000 0.000000 0.000000
 1.158000 0.000000 0.000000
 1.160000 0.000000 0.000000
 1.162000 0.000000 0.000000
 1.164000 0.000000 0.000000
 1.166000 0.000000 0.000000
 1.168000 0.000000 0.000000
 1.170000 0.000000 0.000000
 1.172000 0.000000 0.000000
 1.174000 0.000000 0.000000
 1.176000 0.000000 0.000000
 1.178000 0.000000 0.000000
 1.180000 0.000000 0.000000
 1.182000 0.000000 0.000000
 1.184000 0.000000 0.000000
 1.186000 0.000000 0.000000
 1.188000 0.000000 0.000000
 1.190000 0.000000 0.000000
 1.192000 0.000000 0.000000
 1.194000 0.000000 0.000000
 1.196000 0.000000 0.000000
 1.198000 0.000000 0.000000
 1.200000 0.000000 0.000000
 1.202000 0.000000 0.000000
 1.204000 0.000000 0.000000
 1.206000 0.000000 0.000000
 1.208000 0.000000 0.000000
 1.210000 0.000000 0.000000
 1.212000 0.000000 0.000000
 1.214000 0.000000 0.000000
 1.216000 0.000000 0.000000
 1.218000 0.000000 0.000000
 1.220000 0.000000 0.000000
 1.222000 0.000000 0.000000
 1.224000 0.000000 0.000000
 1.226000 0.000000 0.000000
 1.228000 0.000000 0.000000
 1.230000 0.000000 0.000000
 1.232000 0.000000 0.000000
 1.234000 0.000000 0.000000
 1.236000 0.000000 0.000000
 1.238000 0.000000 0.000000
 1.240000 0.000000 0.000000
 1.242000 0.000000 0.000000
 1.244000 0.000000 0.000000
 1.246000 0.000000 0.000000
 1.248000 0.000000 0.000000
 1.250000 0.000000 0.000000
 1.252000 0.000000 0.000000
 1.254000 0.000000 0.000000
 1.256000 0.000000 0.000000
 1.258000 0.000000 0.000000
 1.260000 0.000000 0.000000
 1.262000 0.000000 0.000000
 1.264000 0.000000 0.000000
 1.266000 0.000000 0.000000
 1.268000 0.000000 0.000000
 1.270000 0.000000 0.000000
 1.272000 0.000000 0.000000
 1.274000 0.000000 0.000000
 1.276000 0.000000 0.000000
 1.278000 0.000000 0.000000
 1.280000 0.000000 0.000000
 1.282000 0.000000 0.000000
 1.284000 0.000000 0.000000
 1.286000 0.000000 0.000000
 1.288000 0.000000 0.000000
 1.290000 0.000000 0.000000
 1.292000 0.000000 0.000000
 1.294000 0.000000 0.000000
 1.296000 0.000000 0.000000
 1.298000 0.000000 0.000000
 1.300000 0.000000 0.000000
 1.302000 0.000000 0.000000
 1.304000 0.000000 0.000000
 1.306000 0.000000 0.000000
 1.308000 0.000000 0.000000
 1.310000 0.000000 0.000000
 1.312000 0.000000 0.000000
 1.314000 0.000000 0.000000
 1.316000 0.000000 0.000000
 1.318000 0.000000 0.000000
 1.320000 0.000000 0.000000
 1.322000 0.000000 0.000000
 1.324000 0.000000 0.000000
 1.326000 0.000000 0.000000
 1.328000 0.000000 0.000000
 1.330000 0.000000 0.000000
 1.332000 0.000000 0.000000
 1.334000 0.000000 0.000000
 1.336000 0.000000 0.000000
 1.338000 0.000000 0.000000
 1.340000 0.000000 0.000000
 1.342000 0.000000 0.000000
 1.344000 0.000000 0.000000
 1.346000 0.000000 0.000000
 1.348000 0.000000 0.000000
 1.350000 0.000000 0.000000
 1.352000 0.000000 0.000000
 1.354000 0.000000 0.000000
 1.356000 0.000000 0.000000
 1.358000 0.000000 0.000000
 1.360000 0.000000 0.000000
 1.362000 0.000000 0.000000
 1.364000 0.000000 0.000000
 1.366000 0.000000 0.000000
 1.368000 0.000000 0.000000
 1.370000 0.000000 0.000000
 1.372000 0.000000 0.000000
 1.374000 0.000000 0.000000
 1.376000 0.000000 0.000000
 1.378000 0.000000 0.000000
 1.380000 0.000000 0.000000
 1.382000 0.000000 0.000000
 1.384000 0.000000 0.000000
 1.386000 0.000000 0.000000
 1.388000 0.000000 0.000000
 1.390000 0.000000 0.000000
 1.392000 0.000000 0.000000
 1.394000 0.000000 0.000000
 1.396000 0.000000 0.000000
 1.398000 0.000000 0.000000
 1.400000 0.000000 0.000000
 1.402000 0.000000 0.000000
 1.404000 0.000000 0.000000
 1.406000 0.000000 0.000000
 1.408000 0.000000 0.000000
 1.410000 0.000000 0.000000
 1.412000 0.000000 0.000000
 1.414000 0.000000 0.000000
 1.416000 0.000000 0.000000
 1.418000 0.000000 0.000000
 1.420000 0.000000 0.000000
 1.422000 0.000000 0.000000
 1.424000 0.000000 0.000000
 1.426000 0.000000 0.000000
 1.428000 0.000000 0.000000
 1.430000 0.000000 0.000000
 1.432000 0.000000 0.000000
 1.434000 0.000000 0.000000
 1.436000 0.000000 0.000000
 1.438000 0.000000 0.000000
 1.440000 0.000000 0.000000
 1.442000 0.000000 0.000000
 1.444000 0.000000 0.000000
 1.446000 0.000000 0.000000
 1.448000 0.000000 0.000000
 1.450000 0.000000 0.000000
 1.452000 0.000000 0.000000
 1.454000 0.000000 0.000000
 1.456000 0.000000 0.000000
 1.458000 0.000000 0.000000
 1.460000 0.000000 0.000000
 1.462000 0.000000 0.000000
 1.464000 0.000000 0.000000
 1.466000 0.000000 0.000000
 1.468000 0.000000 0.000000
 1.470000 0.000000 0.000000
 1.472000 0.000000 0.000000
 1.474000 0.000000 0.000000
 1.476000 0.000000 0.000000
 1.478000 0.000000 0.000000
 1.480000 0.000000 0.000000
 1.482000 0.000000 0.000000
 1.484000 0.000000 0.000000
 1.486000 0.000000 0.000000
 1.488000 0.000000 0.000000
 1.490000 0.000000 0.000000
 1.492000 0.000000 0.000000
 1.494000 0.000000 0.000000
 1.496000 0.000000 0.000000
 1.498000 0.000000 0.000000
 1.500000 0.000000 0.000000
