#! FIELDS time vol refcv.mean refcv.morethan refcv2.mean refcv2.morethan q6.vmean
 0.000000 2.831766 0.294481 0.513586 0.272645 0.381408 0.068158
 1.000000 2.859402 0.305674 1.066000 0.274820 0.802493 0.061112
 2.000000 2.908356 0.287792 0.486552 0.267781 0.402264 0.065097
 3.000000 2.866814 0.289492 0.433683 0.267735 0.523655 0.073769
 4.000000 2.813863 0.304524 1.374623 0.268099 0.281825 0.074482
 5.000000 2.881007 0.290274 0.744292 0.267425 0.532481 0.038972
 6.000000 2.791797 0.298409 0.889192 0.272510 0.373912 0.054590
 7.000000 2.832189 0.293616 0.707040 0.274943 0.468534 0.054765
 8.000000 2.933546 0.281570 0.638538 0.247607 0.611457 0.069353
 9.000000 2.929247 0.289675 0.398954 0.262234 0.317563 0.072699
 10.000000 2.795942 0.309145 1.799640 0.282351 0.560574 0.062997
 11.000000 2.879620 0.285518 0.569124 0.257687 0.295170 0.079512
 12.000000 2.988954 0.277199 0.392851 0.247255 0.148022 0.057174
 13.000000 3.010615 0.279537 0.367961 0.245980 0.206894 0.067593
 14.000000 2.975513 0.284089 0.747487 0.262825 0.710835 0.065044
 15.000000 2.950928 0.281996 0.307013 0.273456 0.688395 0.075518
 16.000000 2.924044 0.281062 0.238985 0.264203 0.266262 0.074000
 17.000000 3.056370 0.287465 0.638416 0.266623 0.529759 0.065946
 18.000000 2.977295 0.279233 0.452198 0.255334 0.313934 0.046108
 19.000000 2.897263 0.285033 0.480688 0.259667 0.340141 0.062640
 20.000000 2.965857 0.288268 0.724215 0.257312 0.294879 0.062371
 21.000000 2.954040 0.285780 0.470190 0.257131 0.245440 0.067756
 22.000000 2.822875 0.295447 0.588324 0.260973 0.243003 0.057824
 23.000000 2.867105 0.289979 0.497168 0.260695 0.337542 0.075821
 24.000000 2.899549 0.274847 0.353113 0.247727 0.195910 0.060956
 25.000000 2.809681 0.292629 0.634271 0.258178 0.410340 0.070156
 26.000000 2.804192 0.296358 0.711652 0.276066 0.392364 0.068589
 27.000000 2.758258 0.300588 0.678100 0.283879 0.526479 0.066182
 28.000000 2.928983 0.287820 0.442373 0.256154 0.281565 0.077362
 29.000000 3.000277 0.284317 0.535097 0.253157 0.199050 0.062170
 30.000000 2.976114 0.300075 0.928955 0.273387 0.645302 0.080151
 31.000000 2.912343 0.289525 1.025655 0.269904 1.180563 0.063781
 32.000000 2.956707 0.288442 0.708840 0.265864 0.980614 0.065966
 33.000000 2.930610 0.287388 0.479077 0.260231 0.248192 0.050296
 34.000000 3.022848 0.283635 0.486433 0.255114 0.172944 0.049182
 35.000000 3.008334 0.284242 0.615295 0.267162 0.565785 0.054634
 36.000000 2.962470 0.282297 0.352757 0.267045 0.357271 0.078662
 37.000000 2.961050 0.281845 0.379502 0.266126 0.369900 0.051869
 38.000000 2.954691 0.279652 0.342298 0.266717 0.459924 0.081466
 39.000000 3.001722 0.273598 0.537493 0.254237 0.743210 0.062073
 40.000000 2.925231 0.275836 0.324900 0.253328 0.162497 0.088140
 41.000000 2.953238 0.275789 0.295109 0.255629 0.150276 0.051240
 42.000000 2.979054 0.281174 0.461492 0.253851 0.131360 0.060207
 43.000000 2.851681 0.289504 0.474579 0.267378 0.362132 0.082908
 44.000000 2.828621 0.299152 0.644651 0.269132 0.246527 0.052095
 45.000000 2.861948 0.287575 0.353087 0.262718 0.226468 0.051361
 46.000000 2.868981 0.298202 0.961785 0.262083 0.297968 0.074998
 47.000000 2.871381 0.286914 0.406219 0.262184 0.266935 0.061910
 48.000000 2.804212 0.292593 0.610881 0.268996 0.236026 0.081426
 49.000000 2.864382 0.292763 0.545788 0.259639 0.245064 0.050772
 50.000000 3.067934 0.271503 0.190976 0.243652 0.174582 0.088369
 51.000000 2.940171 0.288051 0.669169 0.264514 0.584138 0.084800
 52.000000 2.840679 0.285556 0.406362 0.262743 0.192095 0.072682
 53.000000 2.909341 0.290376 0.388752 0.265416 0.389422 0.080610
 54.000000 2.893257 0.296397 0.796192 0.267227 0.392913 0.065699
 55.000000 2.931407 0.293973 0.630636 0.267378 0.365985 0.059523
 56.000000 2.909466 0.283425 0.331237 0.261195 0.372724 0.055225
 57.000000 2.938170 0.286939 0.412379 0.259692 0.513392 0.060604
 58.000000 2.907604 0.289643 0.413969 0.265021 0.261388 0.068694
 59.000000 2.882422 0.297278 1.229630 0.274010 1.828939 0.073351
 60.000000 2.798411 0.293929 0.635971 0.274975 0.953523 0.050639
 61.000000 2.865209 0.290958 0.357013 0.266870 0.386433 0.064543
 62.000000 2.868617 0.298590 1.213678 0.275267 0.506610 0.063838
 63.000000 2.996825 0.284155 0.308122 0.258431 0.191850 0.089306
 64.000000 2.955781 0.292653 1.461565 0.266184 0.856777 0.061886
 65.000000 2.915698 0.296087 1.017670 0.270413 0.643056 0.074799
 66.000000 2.834978 0.296529 1.642400 0.271050 0.638606 0.051949
 67.000000 2.919643 0.296563 0.492300 0.273927 0.308154 0.090649
 68.000000 2.898655 0.285377 0.319909 0.258999 0.141436 0.078664
 69.000000 2.885145 0.284941 0.434122 0.260025 0.201810 0.073387
 70.000000 2.931043 0.290824 0.642495 0.267694 0.808895 0.075349
 71.000000 2.906472 0.299464 1.530944 0.279548 1.700995 0.076955
 72.000000 2.958455 0.271537 0.233788 0.247087 0.136643 0.063419
 73.000000 2.878565 0.290498 0.447527 0.265078 0.273966 0.045052
 74.000000 2.976042 0.272549 0.363580 0.245028 0.129733 0.073994
 75.000000 2.880914 0.289210 0.566279 0.262964 0.239011 0.056910
 76.000000 3.000792 0.276224 0.272004 0.256006 0.249407 0.082950
 77.000000 2.892045 0.291526 0.460173 0.267498 0.237008 0.050142
 78.000000 2.857207 0.293450 0.838009 0.272991 0.751872 0.073713
 79.000000 2.853134 0.291332 0.457715 0.266493 0.343393 0.073106
 80.000000 2.951573 0.291482 0.487833 0.257924 0.154889 0.075003
 81.000000 2.917306 0.295925 1.196150 0.263851 0.668759 0.068049
 82.000000 2.917763 0.308637 1.358812 0.272384 0.765655 0.053698
 83.000000 2.888919 0.293890 0.781798 0.266154 0.427647 0.058067
 84.000000 2.807667 0.300481 1.500249 0.272374 1.030950 0.080480
 85.000000 2.863803 0.290370 0.621698 0.266081 0.325395 0.061686
 86.000000 2.815311 0.295580 0.569375 0.269302 0.351221 0.054873
 87.000000 2.800590 0.297361 0.795480 0.271288 0.820616 0.075212
 88.000000 2.791906 0.288291 0.414760 0.260066 0.286234 0.035551
 89.000000 2.845516 0.290354 0.777514 0.260214 0.252183 0.037504
 90.000000 2.869543 0.286633 0.379465 0.266369 0.300154 0.079956
 91.000000 2.723610 0.314230 1.805604 0.291532 0.982223 0.041568
 92.000000 2.918974 0.292717 0.995769 0.263353 0.576707 0.059590
 93.000000 2.836851 0.297925 1.052301 0.269871 0.557793 0.047057
 94.000000 2.839040 0.292106 0.619446 0.260433 0.480050 0.085397
 95.000000 2.820813 0.296733 0.919415 0.269457 0.338308 0.069717
 96.000000 2.926025 0.291593 0.587980 0.259381 0.730409 0.058578
 97.000000 2.904020 0.300059 1.560551 0.264634 0.778362 0.083776
 98.000000 2.848026 0.300070 0.672941 0.274095 0.368260 0.050912
 99.000000 2.806263 0.301464 0.834663 0.268547 0.366769 0.066887
 100.000000 2.715856 0.300008 0.620991 0.272841 0.334149 0.048848
 101.000000 2.860126 0.298617 0.546286 0.274023 0.336633 0.058460
 102.000000 2.840471 0.294083 0.673653 0.266934 0.439866 0.081167
 103.000000 2.782870 0.296464 0.780285 0.262737 0.194589 0.085891
 104.000000 2.863996 0.293382 0.586841 0.260818 0.253935 0.069525
 105.000000 2.826666 0.306382 0.980203 0.276795 0.459863 0.051272
 106.000000 2.747989 0.300861 0.602460 0.271814 0.397008 0.055689
 107.000000 2.838821 0.293265 0.777420 0.272722 0.763005 0.054111
 108.000000 2.837304 0.290340 0.808891 0.266477 1.099813 0.037704
 109.000000 2.979928 0.274547 0.352406 0.247666 0.163522 0.090212
 110.000000 2.938166 0.283684 0.564710 0.253643 0.257371 0.071464
 111.000000 2.960950 0.299901 0.785846 0.269328 0.400743 0.068509
 112.000000 2.856076 0.291559 0.548418 0.270745 0.941209 0.080013
 113.000000 2.831085 0.293975 0.656874 0.268829 0.442861 0.058143
 114.000000 2.863758 0.298441 0.712536 0.269598 0.436680 0.075610
 115.000000 2.862571 0.296286 0.613582 0.265235 0.325081 0.075532
 116.000000 2.964528 0.293775 0.832443 0.256656 0.296090 0.085953
 117.000000 2.874103 0.292190 0.872406 0.267753 0.383400 0.066568
 118.000000 2.792933 0.289993 0.611219 0.259619 0.312190 0.067758
 119.000000 3.000961 0.285184 0.337113 0.254290 0.169272 0.075415
 120.000000 2.942091 0.283442 0.354499 0.257650 0.124450 0.067788
 121.000000 2.870291 0.283745 0.345093 0.261101 0.185380 0.054399
 122.000000 2.731587 0.307105 1.223535 0.287275 0.706945 0.048323
 123.000000 2.764627 0.296164 0.683179 0.273617 0.358122 0.071674
 124.000000 2.704131 0.306890 1.079063 0.275468 0.377358 0.093671
 125.000000 2.690796 0.311735 2.163716 0.290361 1.045719 0.071510
 126.000000 2.747833 0.305682 1.160754 0.291359 0.607882 0.052278
 127.000000 2.760159 0.302528 0.836764 0.284684 0.801924 0.061376
 128.000000 2.700952 0.319032 1.650429 0.287541 0.870988 0.054640
 129.000000 2.813003 0.299717 1.316716 0.267424 0.503017 0.079272
 130.000000 2.780073 0.296707 0.773525 0.266559 0.257531 0.076408
 131.000000 2.908880 0.295956 0.532214 0.261816 0.189486 0.050491
 132.000000 2.854865 0.292282 0.896562 0.265703 0.400979 0.064803
 133.000000 2.896201 0.298327 1.199127 0.269770 0.522271 0.086890
 134.000000 2.952985 0.277323 0.538570 0.252685 0.513209 0.097144
 135.000000 2.925426 0.282917 0.563830 0.255943 0.316327 0.067739
 136.000000 2.881894 0.276588 0.367337 0.244965 0.107835 0.064984
 137.000000 2.834551 0.294551 0.797465 0.259462 0.231843 0.057375
 138.000000 2.900133 0.288131 0.792394 0.251399 0.195107 0.047140
 139.000000 2.861785 0.292154 0.518547 0.264811 0.290012 0.051775
 140.000000 2.861739 0.298600 0.799492 0.255182 0.197348 0.056258
 141.000000 2.847448 0.289473 0.449669 0.254546 0.222083 0.071276
 142.000000 2.878370 0.289528 0.405502 0.271199 0.277793 0.056915
 143.000000 2.884570 0.288386 0.549337 0.265457 0.271294 0.065362
 144.000000 2.921697 0.290514 0.467752 0.259556 0.304974 0.085096
 145.000000 2.904386 0.286109 0.448438 0.256921 0.191366 0.092649
 146.000000 2.897958 0.301121 0.917591 0.275211 0.842853 0.087453
 147.000000 2.934142 0.293656 0.873073 0.261842 0.354803 0.074369
 148.000000 3.017722 0.291915 0.915780 0.258057 0.320715 0.070712
 149.000000 2.939632 0.292540 0.839193 0.263777 0.348161 0.052274
 150.000000 2.943155 0.292565 0.509330 0.263774 0.407318 0.064040
 151.000000 2.982453 0.292251 0.709131 0.253553 0.240195 0.071543
 152.000000 3.004327 0.278552 0.314103 0.244816 0.183298 0.069030
 153.000000 2.966340 0.279698 0.355672 0.250060 0.188930 0.055795
 154.000000 3.016394 0.278641 0.515558 0.253196 0.134539 0.074761
 155.000000 2.979569 0.276613 0.214381 0.251814 0.136119 0.065145
 156.000000 3.058926 0.281658 0.657715 0.256114 0.634378 0.072211
 157.000000 2.916499 0.282877 0.502931 0.255611 0.236673 0.061534
 158.000000 2.917686 0.285801 0.317962 0.266819 0.264103 0.056553
 159.000000 2.958003 0.285207 0.455026 0.256380 0.380703 0.079044
 160.000000 2.844441 0.296839 0.450819 0.264888 0.248307 0.057368
 161.000000 2.942647 0.277166 0.550384 0.251879 0.200173 0.063568
 162.000000 2.881066 0.289087 0.714161 0.252183 0.154958 0.080754
 163.000000 2.822047 0.289967 0.572872 0.254303 0.130804 0.094783
 164.000000 2.900823 0.293148 0.956058 0.258650 0.300992 0.059036
 165.000000 2.780628 0.279288 0.341382 0.256988 0.188611 0.051098
 166.000000 3.013315 0.268260 0.162703 0.240904 0.113228 0.064033
 167.000000 2.926551 0.289229 0.640220 0.257007 0.239749 0.063789
 168.000000 2.929057 0.285508 0.525925 0.260585 0.305993 0.055374
 169.000000 2.842537 0.279440 0.363880 0.260647 0.248705 0.065476
 170.000000 2.943635 0.281632 0.772240 0.257845 0.479662 0.057463
 171.000000 2.887537 0.287884 0.566170 0.260885 0.222242 0.070890
 172.000000 2.822774 0.282335 0.286747 0.255772 0.116977 0.072492
 173.000000 2.883358 0.287837 0.364449 0.265055 0.313572 0.081448
 174.000000 2.899930 0.292593 0.517101 0.266170 0.326874 0.061353
 175.000000 2.746511 0.294066 0.502323 0.271784 0.291089 0.056828
 176.000000 2.678663 0.308768 1.475499 0.278776 0.428632 0.087954
 177.000000 2.834756 0.298081 1.108916 0.264591 0.334502 0.058719
 178.000000 2.755659 0.313286 1.276513 0.282850 0.510613 0.076154
 179.000000 2.812181 0.302963 1.339879 0.276782 0.599625 0.058499
 180.000000 2.843308 0.294099 0.457886 0.263030 0.275848 0.072028
 181.000000 2.904940 0.286035 0.334211 0.261513 0.271471 0.067725
 182.000000 3.016473 0.293405 0.769394 0.256504 0.145323 0.070717
 183.000000 3.052151 0.287446 1.172557 0.249931 0.365176 0.060934
 184.000000 2.876490 0.301839 1.092803 0.263199 0.288567 0.073969
 185.000000 3.004356 0.293726 1.160529 0.261922 0.684033 0.063617
 186.000000 2.907831 0.296298 0.724193 0.259953 0.289806 0.055788
 187.000000 2.840930 0.300162 0.684201 0.266104 0.357129 0.058894
 188.000000 2.902891 0.287962 0.446070 0.268424 0.580583 0.030012
 189.000000 2.953054 0.281182 0.485060 0.259112 0.261174 0.060961
 190.000000 3.055992 0.280283 0.588824 0.250601 0.149727 0.075400
 191.000000 2.907718 0.286247 0.431583 0.256777 0.238203 0.054674
 192.000000 2.963223 0.291421 0.593100 0.266724 0.287572 0.084969
 193.000000 3.008355 0.280737 0.345416 0.250769 0.113307 0.059431
 194.000000 2.887757 0.273760 0.172052 0.249976 0.097964 0.073878
 195.000000 2.907207 0.275912 0.339972 0.247640 0.129980 0.074325
 196.000000 2.856635 0.281826 0.258871 0.253809 0.142540 0.062216
 197.000000 2.850113 0.295497 0.679065 0.266646 0.220854 0.060482
 198.000000 2.982077 0.277997 0.465459 0.253161 0.628441 0.105507
 199.000000 2.877470 0.295627 0.730022 0.266981 0.421669 0.091755
 200.000000 2.993033 0.271477 0.288886 0.248388 0.105550 0.097114
 201.000000 2.971770 0.284231 0.579719 0.245117 0.138223 0.058930
 202.000000 2.941599 0.286163 0.603252 0.253768 0.413955 0.053311
 203.000000 3.012756 0.262464 0.139654 0.242123 0.098502 0.076703
 204.000000 2.952864 0.275120 0.358179 0.253476 0.320514 0.060833
 205.000000 2.880527 0.289034 0.496067 0.263687 0.467212 0.054655
 206.000000 2.968027 0.283169 0.735627 0.266975 0.967384 0.046626
 207.000000 2.972775 0.286331 0.554493 0.258478 0.480450 0.045467
 208.000000 2.885763 0.281904 0.229977 0.250865 0.088470 0.074940
 209.000000 2.815415 0.302858 1.065143 0.276455 0.664333 0.058325
 210.000000 2.838145 0.295493 1.050471 0.263777 0.495034 0.095929
 211.000000 2.957188 0.292220 0.619011 0.264108 0.288925 0.047324
 212.000000 2.924014 0.280900 0.394720 0.252041 0.335832 0.083945
 213.000000 2.910686 0.287931 0.554171 0.255303 0.204617 0.070748
 214.000000 2.789374 0.300007 0.831548 0.277210 0.972395 0.057232
 215.000000 2.994849 0.273661 0.270848 0.250903 0.159010 0.068455
 216.000000 2.957879 0.279588 0.370861 0.251953 0.430111 0.089344
 217.000000 2.802976 0.293863 0.552896 0.266646 0.265203 0.057197
 218.000000 2.806953 0.284876 0.466986 0.255701 0.084789 0.078198
 219.000000 2.778547 0.290750 0.391031 0.266017 0.242104 0.063541
 220.000000 2.937606 0.288128 0.467419 0.256125 0.175952 0.077587
 221.000000 2.857000 0.283645 0.565684 0.247240 0.106816 0.056903
 222.000000 2.932377 0.282240 0.444915 0.254118 0.186348 0.045737
 223.000000 2.977703 0.286564 0.912153 0.263032 0.457513 0.076688
 224.000000 3.021713 0.284521 0.645824 0.254843 0.278232 0.066585
 225.000000 2.947215 0.280076 0.446470 0.251642 0.177077 0.041548
 226.000000 2.870565 0.288888 0.596172 0.256362 0.160240 0.057007
 227.000000 2.879774 0.294646 1.608712 0.266933 0.328600 0.065321
 228.000000 2.957960 0.288074 0.579565 0.252392 0.268032 0.085454
 229.000000 2.864589 0.276769 0.239346 0.251957 0.114579 0.067489
 230.000000 2.913907 0.274515 0.297560 0.255620 0.264100 0.075845
 231.000000 2.918157 0.283060 0.362849 0.254052 0.147210 0.057301
 232.000000 2.961165 0.269261 0.263510 0.245819 0.096003 0.064398
 233.000000 2.901589 0.278754 0.521141 0.255607 0.166571 0.068630
 234.000000 2.996834 0.274504 0.307737 0.252518 0.236569 0.069307
 235.000000 2.963478 0.288246 0.603911 0.258775 0.409539 0.069293
 236.000000 2.891740 0.281964 0.375023 0.262501 0.366009 0.091480
 237.000000 2.979816 0.286028 0.872467 0.264019 0.651164 0.062654
 238.000000 2.928795 0.289348 0.748714 0.260936 0.640794 0.068507
 239.000000 2.841964 0.295008 1.009071 0.272262 0.525697 0.082894
 240.000000 2.897983 0.284496 0.536413 0.262305 0.291614 0.077745
 241.000000 2.843808 0.291369 0.700682 0.262902 0.288637 0.069624
 242.000000 2.938094 0.288904 0.924271 0.275862 1.687153 0.076775
 243.000000 2.979626 0.267167 0.188971 0.249075 0.162690 0.063350
 244.000000 2.951065 0.283536 0.557559 0.248440 0.136073 0.069563
 245.000000 2.913461 0.282696 0.392642 0.268687 0.444466 0.061047
 246.000000 2.847365 0.302406 1.118149 0.273875 0.798899 0.055001
 247.000000 2.963250 0.298930 0.856407 0.263333 0.350798 0.049782
 248.000000 2.873560 0.306692 1.283587 0.276513 0.810874 0.077105
 249.000000 2.899775 0.307371 1.190948 0.273704 0.950349 0.069951
 250.000000 2.827204 0.322759 2.091390 0.296296 2.628214 0.044643
 251.000000 2.849313 0.309488 1.113727 0.285588 1.345285 0.052974
 252.000000 2.804655 0.292508 0.550158 0.269595 0.410410 0.061977
 253.000000 2.846161 0.297886 0.822702 0.275634 0.786989 0.090519
 254.000000 2.796109 0.305366 1.532681 0.276008 0.590780 0.088999
 255.000000 2.773844 0.301829 0.945249 0.283791 0.906838 0.047189
 256.000000 2.811143 0.292554 0.532354 0.275387 0.474274 0.053937
 257.000000 2.860441 0.287097 0.478297 0.264851 0.356894 0.054603
 258.000000 2.758559 0.294015 0.421779 0.266767 0.232948 0.085634
 259.000000 2.877863 0.285236 0.660395 0.264095 0.313598 0.042739
 260.000000 2.922493 0.294857 1.112313 0.266498 0.307934 0.079144
 261.000000 2.932179 0.285416 0.474624 0.253599 0.120073 0.089057
 262.000000 2.880174 0.305018 1.434978 0.274774 0.597680 0.070508
 263.000000 2.875209 0.302830 2.392209 0.273320 0.476786 0.072077
 264.000000 3.040007 0.283312 0.536398 0.269211 0.450466 0.084130
 265.000000 3.068133 0.289396 1.143400 0.265906 0.767658 0.060387
 266.000000 2.907261 0.288017 0.399709 0.269522 0.443084 0.078117
 267.000000 2.987519 0.288682 0.385583 0.269418 0.386520 0.077082
 268.000000 3.057363 0.281743 0.486316 0.259474 0.560659 0.055759
 269.000000 2.970384 0.293106 0.730236 0.266416 0.694171 0.050209
 270.000000 2.997117 0.296197 1.107402 0.270988 0.548090 0.081295
 271.000000 2.989064 0.307293 2.196197 0.275604 1.617141 0.073806
 272.000000 2.984809 0.306248 1.926267 0.273873 1.668634 0.060492
 273.000000 2.981268 0.305187 1.623383 0.282215 1.421055 0.070194
 274.000000 2.954695 0.299823 1.702893 0.270591 0.684445 0.063810
 275.000000 2.925877 0.303471 1.225373 0.282835 1.072239 0.078688
 276.000000 2.990782 0.293819 1.055445 0.270430 0.769518 0.089469
 277.000000 3.052341 0.277485 0.893821 0.263891 0.721542 0.073893
 278.000000 2.929312 0.305592 0.975614 0.276856 0.580616 0.079223
 279.000000 3.041665 0.274204 0.644925 0.253071 0.738743 0.073850
 280.000000 2.976361 0.283740 0.697084 0.259508 0.405338 0.068035
 281.000000 2.965839 0.288408 0.704089 0.259813 0.913256 0.055962
 282.000000 2.911998 0.307342 2.064333 0.279579 1.269642 0.074711
 283.000000 2.849109 0.321963 3.723054 0.297475 2.821691 0.055323
 284.000000 2.869116 0.310654 3.211049 0.282402 1.676152 0.068614
 285.000000 2.913105 0.284500 0.375743 0.265435 0.466690 0.056053
 286.000000 2.903916 0.291897 0.657979 0.270447 0.596430 0.061903
 287.000000 2.948392 0.294287 1.214395 0.267235 1.127671 0.066008
 288.000000 2.883620 0.287223 1.584883 0.259810 1.338453 0.074143
 289.000000 2.926167 0.299825 1.291437 0.265559 0.567956 0.075317
 290.000000 2.916644 0.293051 0.701815 0.258603 0.302001 0.074130
 291.000000 2.931325 0.287837 0.895250 0.268851 0.501237 0.070738
 292.000000 2.865895 0.287919 0.490679 0.267621 0.403292 0.057598
 293.000000 2.910018 0.299825 1.098158 0.286776 2.410408 0.066956
 294.000000 2.918111 0.281862 0.480007 0.266866 0.562401 0.063021
 295.000000 2.933146 0.286942 0.618546 0.271456 0.867946 0.070544
 296.000000 2.935323 0.280532 0.235053 0.270158 0.603080 0.054555
 297.000000 2.900444 0.289360 0.967509 0.265186 0.245377 0.057202
 298.000000 2.939487 0.290808 0.567911 0.270015 0.582123 0.069663
 299.000000 3.044628 0.263533 0.165348 0.237536 0.084946 0.053262
 300.000000 2.982375 0.276363 0.317693 0.256997 0.347376 0.070860
 301.000000 3.058536 0.276624 0.418532 0.251087 0.252343 0.067181
 302.000000 2.964479 0.279705 0.292982 0.253468 0.161293 0.068297
 303.000000 3.015548 0.281224 0.511650 0.256722 0.171969 0.060669
 304.000000 2.886524 0.279787 0.290335 0.260247 0.168518 0.081071
 305.000000 2.979941 0.281782 0.248053 0.254817 0.166935 0.035735
 306.000000 2.925710 0.292148 1.118286 0.259462 0.500141 0.077750
 307.000000 2.966389 0.278791 0.282155 0.250055 0.200529 0.049347
 308.000000 2.743979 0.291800 0.339592 0.260813 0.172347 0.074076
 309.000000 2.822546 0.294690 0.732088 0.264041 0.317720 0.048604
 310.000000 2.819810 0.293882 0.619722 0.262087 0.231137 0.071610
 311.000000 2.932790 0.288313 0.543094 0.247908 0.194142 0.048222
 312.000000 2.909813 0.276717 0.312370 0.251723 0.175711 0.065605
 313.000000 2.937060 0.290200 0.957649 0.263995 0.380373 0.087114
 314.000000 2.914961 0.292954 0.857596 0.267580 0.535108 0.052839
 315.000000 2.843916 0.301901 0.800500 0.277181 0.501088 0.064225
 316.000000 2.846234 0.286356 0.353708 0.261759 0.247583 0.074331
 317.000000 2.811626 0.294695 0.453403 0.271176 0.462640 0.106873
 318.000000 2.862701 0.287252 0.521391 0.264139 0.425629 0.049652
 319.000000 2.850911 0.295450 0.786549 0.268477 0.870420 0.094785
 320.000000 2.819261 0.296628 0.691125 0.262348 0.306428 0.046708
 321.000000 2.932636 0.295848 1.121234 0.263943 0.841455 0.079492
 322.000000 2.869593 0.288956 0.533425 0.254340 0.182756 0.070625
 323.000000 2.876737 0.281413 0.223716 0.248325 0.115501 0.069815
 324.000000 2.939609 0.276771 0.276805 0.258016 0.235803 0.057542
 325.000000 2.893423 0.280385 0.548563 0.250954 0.237818 0.062407
 326.000000 2.849349 0.277738 0.272053 0.253038 0.120366 0.099675
 327.000000 2.843313 0.284239 0.353594 0.263513 0.222842 0.064322
 328.000000 2.889223 0.285615 0.482380 0.257056 0.318738 0.059339
 329.000000 2.948646 0.278132 0.299095 0.261429 0.260878 0.067120
 330.000000 3.005448 0.278237 0.580440 0.247073 0.145737 0.079520
 331.000000 2.935406 0.277541 0.338270 0.243851 0.109536 0.049619
 332.000000 2.980043 0.287479 0.601851 0.259769 0.302696 0.060663
 333.000000 3.150596 0.273553 0.761394 0.244858 0.277773 0.079638
 334.000000 2.977783 0.281082 0.419597 0.251927 0.170353 0.048311
 335.000000 2.820725 0.288921 0.330440 0.269668 0.253202 0.063856
 336.000000 2.800740 0.292601 0.454448 0.281100 0.367058 0.080474
 337.000000 2.920235 0.289085 0.538353 0.269796 0.478362 0.086441
 338.000000 2.836233 0.286496 0.354529 0.267652 0.332084 0.072296
 339.000000 2.730973 0.295709 0.493654 0.279137 0.675849 0.064045
 340.000000 2.708834 0.293882 0.564961 0.269933 0.429179 0.070953
 341.000000 2.789056 0.303590 0.920707 0.270521 0.381054 0.066476
 342.000000 2.820542 0.287670 0.378020 0.258225 0.312166 0.070565
 343.000000 2.858512 0.286339 0.578147 0.255844 0.386903 0.079570
 344.000000 2.834912 0.304307 1.217643 0.283368 0.986994 0.095824
 345.000000 2.709129 0.291304 0.369381 0.272054 0.324632 0.046135
 346.000000 2.757390 0.293938 0.638212 0.274422 0.319085 0.071095
 347.000000 2.794482 0.290702 0.370078 0.270013 0.198292 0.066148
 348.000000 2.727763 0.298928 0.624829 0.272929 0.299848 0.082543
 349.000000 2.753284 0.281764 0.357561 0.256231 0.228949 0.062922
 350.000000 2.767176 0.301599 0.803137 0.269901 0.303958 0.053891
 351.000000 2.830854 0.295277 0.467845 0.271216 0.289020 0.062584
 352.000000 2.782303 0.293551 0.422748 0.267906 0.223082 0.060999
 353.000000 2.802476 0.292008 0.485363 0.276460 0.721549 0.072781
 354.000000 2.898907 0.272930 0.283216 0.252886 0.137599 0.091780
 355.000000 2.729743 0.291094 0.297617 0.271082 0.268933 0.088648
 356.000000 2.805412 0.293128 0.474754 0.264706 0.291544 0.031429
 357.000000 2.805069 0.293286 0.488937 0.262817 0.158891 0.050156
 358.000000 2.780095 0.295134 0.721845 0.267774 0.260906 0.075718
 359.000000 3.015170 0.283758 0.632529 0.256233 0.236767 0.078661
 360.000000 2.930145 0.289808 0.625589 0.258636 0.172223 0.067886
 361.000000 2.840573 0.294053 0.563620 0.264518 0.248364 0.081381
 362.000000 2.754769 0.300769 1.099220 0.269358 0.460290 0.062620
 363.000000 2.855204 0.289608 0.646349 0.270240 0.684191 0.066397
 364.000000 2.807545 0.295354 0.593990 0.265585 0.282682 0.076830
 365.000000 2.874265 0.297703 0.885835 0.267985 0.272265 0.068063
 366.000000 2.868022 0.288946 0.368847 0.264005 0.259484 0.037119
 367.000000 2.902066 0.300009 0.839193 0.276396 0.573667 0.052102
 368.000000 2.885716 0.295624 0.599083 0.274406 0.469144 0.070699
 369.000000 2.901545 0.283412 0.345207 0.269252 0.356454 0.067576
 370.000000 2.869057 0.292974 0.907016 0.267711 0.360836 0.076534
 371.000000 2.907101 0.294777 0.687538 0.265106 0.457346 0.069418
 372.000000 2.927419 0.285177 0.445700 0.258232 0.341985 0.058202
 373.000000 2.989040 0.290703 0.524407 0.263713 0.457522 0.072651
 374.000000 2.933345 0.276962 0.358612 0.263389 0.316982 0.074344
 375.000000 2.802694 0.292827 0.690180 0.272337 0.610870 0.063268
 376.000000 2.837905 0.283631 0.315503 0.260836 0.185528 0.083664
 377.000000 2.899138 0.297371 1.334101 0.263647 0.447372 0.056110
 378.000000 2.836455 0.280391 0.467424 0.262846 0.687203 0.058320
 379.000000 2.810928 0.292309 0.499270 0.277698 0.429915 0.063850
 380.000000 2.786668 0.291021 0.573466 0.266818 0.207679 0.046678
 381.000000 2.975392 0.281964 0.534034 0.257751 0.154567 0.048529
 382.000000 2.841314 0.303218 1.387599 0.267863 0.190280 0.077524
 383.000000 2.865624 0.304955 2.202223 0.279677 1.235539 0.080935
 384.000000 2.899522 0.297329 1.000751 0.266377 0.243201 0.056420
 385.000000 2.854351 0.290960 0.506934 0.276708 0.432173 0.085546
 386.000000 3.071921 0.272125 0.330124 0.257105 0.153334 0.059348
 387.000000 3.024614 0.274844 0.340533 0.253388 0.255944 0.074361
 388.000000 2.947626 0.281905 0.530744 0.249409 0.278572 0.057677
 389.000000 2.914529 0.289319 0.351786 0.262725 0.243843 0.055230
 390.000000 2.865807 0.285597 0.498013 0.254455 0.129002 0.054876
 391.000000 2.828293 0.296633 0.584868 0.270056 0.491514 0.070853
 392.000000 2.820904 0.295510 0.677198 0.267388 0.352067 0.058625
 393.000000 2.731903 0.293737 0.474071 0.267327 0.263942 0.070629
 394.000000 2.884880 0.287816 0.458534 0.258304 0.251178 0.062650
 395.000000 2.889784 0.283345 0.338194 0.263647 0.255768 0.073962
 396.000000 2.807662 0.299716 0.529792 0.268410 0.237737 0.070879
 397.000000 2.854122 0.286896 0.331982 0.261656 0.190403 0.054233
 398.000000 2.798210 0.291531 0.562579 0.278141 1.121402 0.055403
 399.000000 2.881236 0.277647 0.213968 0.258071 0.165611 0.058215
 400.000000 2.953283 0.278412 0.366827 0.260588 0.277587 0.061263
