#! FIELDS time vol refcv.mean refcv.morethan refcv2.mean refcv2.morethan q6.vmean
 0.000000 3.075391 1.005431 95.978042 0.721228 92.965495 0.539447
 1.000000 3.140714 0.806791 95.375182 0.597156 72.088627 0.404672
 2.000000 3.145361 0.774971 94.773892 0.562466 65.693675 0.391835
 3.000000 3.289774 0.809763 95.250269 0.595791 72.376609 0.411089
 4.000000 3.137215 0.769478 94.703844 0.565380 65.421605 0.375133
 5.000000 3.181556 0.773883 94.366375 0.567700 64.780984 0.378875
 6.000000 3.150521 0.782946 95.100232 0.569738 66.585605 0.385770
 7.000000 3.199767 0.810832 95.492630 0.589803 76.276107 0.406863
 8.000000 3.164594 0.763172 94.706987 0.559529 64.221280 0.371645
 9.000000 3.159921 0.787303 95.139381 0.573882 71.607110 0.404041
 10.000000 3.147804 0.792417 94.872642 0.583172 70.357850 0.393051
 11.000000 3.197629 0.842488 95.732089 0.610929 78.809391 0.435727
 12.000000 3.147274 0.773203 94.736378 0.573230 66.886358 0.378985
 13.000000 3.150572 0.777815 94.898962 0.569147 66.542444 0.395527
 14.000000 3.220185 0.784149 95.173870 0.572069 67.583252 0.411600
 15.000000 3.139996 0.812535 95.539016 0.592425 72.621715 0.400743
 16.000000 3.235354 0.817011 94.917086 0.600928 73.076832 0.423141
 17.000000 3.181973 0.739996 92.249065 0.543218 59.229636 0.359904
 18.000000 3.123660 0.782274 94.858804 0.568133 67.380442 0.404248
 19.000000 3.172231 0.821046 95.566485 0.595206 75.102521 0.414136
 20.000000 3.126281 0.773108 94.204200 0.557299 65.317620 0.379172
 21.000000 3.224815 0.756490 94.326659 0.550161 60.457950 0.392031
 22.000000 3.187728 0.761088 94.464784 0.550897 61.953278 0.375673
 23.000000 3.171417 0.766002 92.759514 0.564051 64.720370 0.386518
 24.000000 3.187063 0.785278 94.210296 0.579352 70.662597 0.380577
 25.000000 3.170633 0.771772 94.539347 0.566904 62.915519 0.397817
 26.000000 3.200239 0.800784 95.369394 0.584092 72.801338 0.398545
 27.000000 3.186112 0.798385 95.134653 0.582996 68.020599 0.397654
 28.000000 3.237297 0.804728 95.374239 0.588442 70.378603 0.415435
 29.000000 3.139022 0.783658 94.608319 0.571416 66.141377 0.382195
 30.000000 3.218457 0.788111 94.489295 0.574769 67.694039 0.404993
 31.000000 3.171934 0.786192 94.709172 0.573346 68.286481 0.406640
 32.000000 3.218276 0.814081 95.264104 0.595003 73.524230 0.417773
 33.000000 3.226962 0.815932 94.406166 0.597678 74.878898 0.416396
 34.000000 3.144156 0.768490 93.976021 0.571782 65.547117 0.379337
 35.000000 3.204055 0.807774 95.536864 0.594944 73.523895 0.401341
 36.000000 3.175356 0.811057 95.135633 0.594049 73.247046 0.414617
 37.000000 3.125128 0.775396 94.851297 0.566225 67.028603 0.382275
 38.000000 3.225833 0.821384 95.336920 0.593160 72.675186 0.420049
 39.000000 3.101359 0.801069 95.049886 0.588836 70.757896 0.397311
 40.000000 3.178548 0.812335 95.493201 0.592250 74.251213 0.410371
 41.000000 3.199356 0.803174 95.532987 0.579276 71.741355 0.407944
 42.000000 3.169433 0.776181 94.532043 0.567890 65.636331 0.374914
 43.000000 3.187903 0.766442 95.071336 0.556573 64.296937 0.386578
 44.000000 3.136658 0.773867 93.705121 0.564181 67.975300 0.388865
 45.000000 3.155009 0.804186 94.642313 0.584416 71.622333 0.394850
 46.000000 3.171977 0.793701 94.860892 0.579516 71.209150 0.400558
 47.000000 3.173562 0.786074 94.938384 0.573992 68.485092 0.388831
 48.000000 3.226572 0.772260 94.843203 0.559866 65.044620 0.391808
 49.000000 3.169062 0.784823 94.884997 0.582073 70.287225 0.391652
 50.000000 3.216486 0.787450 95.057667 0.572813 67.429194 0.400404
 51.000000 3.172435 0.763866 93.726655 0.565821 66.133068 0.390505
 52.000000 3.170749 0.774774 94.909151 0.569066 67.388282 0.386051
 53.000000 3.151061 0.781798 95.055875 0.570355 68.533936 0.384595
 54.000000 3.208459 0.806604 95.400082 0.592311 72.298229 0.405137
 55.000000 3.158963 0.788582 94.839848 0.584413 72.793033 0.396456
 56.000000 3.178892 0.817064 95.502699 0.594555 75.619606 0.407500
 57.000000 3.227711 0.782337 94.880018 0.581554 69.346326 0.405823
 58.000000 3.142687 0.782145 95.040627 0.573947 67.389309 0.378103
 59.000000 3.216597 0.809197 95.341013 0.594823 73.814311 0.417706
 60.000000 3.199263 0.800874 94.285451 0.587379 72.896415 0.398687
 61.000000 3.226341 0.842866 95.585059 0.613469 78.924754 0.441624
 62.000000 3.111925 0.794688 95.387530 0.577862 71.563301 0.398015
 63.000000 3.170289 0.769954 94.872306 0.569535 67.033098 0.381010
 64.000000 3.236155 0.795902 95.264598 0.584158 70.112359 0.408656
 65.000000 3.134256 0.766168 93.484396 0.567266 66.326443 0.387615
 66.000000 3.180784 0.766657 94.253662 0.567215 65.561709 0.378707
 67.000000 3.187782 0.792628 95.216258 0.575358 70.684770 0.394332
 68.000000 3.125506 0.816300 95.523340 0.601177 73.618301 0.411522
 69.000000 3.161382 0.780072 93.958847 0.568814 69.339619 0.380002
 70.000000 3.157823 0.797280 95.380864 0.584385 71.868900 0.419304
 71.000000 3.157437 0.800795 95.483516 0.584571 71.348559 0.395178
 72.000000 3.156977 0.811427 95.399394 0.590677 72.120026 0.420881
 73.000000 3.164026 0.792792 95.031675 0.577074 69.872002 0.403440
 74.000000 3.200823 0.797485 95.242845 0.582743 71.039517 0.409255
 75.000000 3.202198 0.780138 95.364340 0.579161 69.397877 0.399492
 76.000000 3.225374 0.789207 94.595774 0.581566 68.422861 0.397245
 77.000000 3.169637 0.810533 95.551124 0.591828 72.888385 0.407297
 78.000000 3.191321 0.792836 95.390259 0.587589 71.756970 0.397079
 79.000000 3.163807 0.796412 95.366317 0.582943 70.206489 0.408381
 80.000000 3.188578 0.772285 95.063894 0.564949 65.061513 0.380552
 81.000000 3.185435 0.803022 95.398506 0.585946 72.390797 0.402743
 82.000000 3.188620 0.808509 95.420673 0.595122 74.020679 0.403082
 83.000000 3.229003 0.778986 95.022927 0.575829 68.108029 0.393909
 84.000000 3.172056 0.781639 94.493291 0.570345 68.595453 0.378396
 85.000000 3.170126 0.790222 94.886521 0.580442 68.964054 0.397429
 86.000000 3.245015 0.823123 95.497955 0.601484 75.207965 0.418286
 87.000000 3.151421 0.787883 94.733652 0.581869 69.204088 0.392603
 88.000000 3.159198 0.773346 94.733687 0.563899 66.418957 0.403987
 89.000000 3.228497 0.776216 94.284248 0.572282 68.131361 0.391758
 90.000000 3.114099 0.743593 93.829999 0.542911 58.925587 0.355614
 91.000000 3.243089 0.808675 95.530591 0.587610 75.937410 0.408987
 92.000000 3.107159 0.765249 94.337168 0.559433 63.847666 0.377913
 93.000000 3.248603 0.759683 94.526514 0.554328 62.745904 0.375345
 94.000000 3.174016 0.731799 93.914615 0.537059 58.119365 0.373618
 95.000000 3.188583 0.772367 94.764315 0.572219 65.805745 0.394031
 96.000000 3.168460 0.801551 94.598215 0.585088 72.126260 0.401696
 97.000000 3.154400 0.806269 95.410895 0.586404 69.491184 0.416270
 98.000000 3.188961 0.780648 94.613649 0.571078 66.145620 0.374136
 99.000000 3.158923 0.777939 93.830130 0.560883 63.131213 0.408967
 100.000000 3.157816 0.767505 93.481376 0.564059 62.976288 0.380760
 101.000000 3.166707 0.795096 95.419848 0.578815 71.430678 0.405451
 102.000000 3.181724 0.765289 94.184709 0.562147 63.923820 0.376221
 103.000000 3.130831 0.736620 92.480927 0.540507 60.195471 0.357666
 104.000000 3.210316 0.760639 91.973443 0.557111 61.968419 0.384220
 105.000000 3.169679 0.796053 95.408127 0.576842 71.660256 0.404043
 106.000000 3.189597 0.740642 93.049687 0.550066 61.091595 0.367633
 107.000000 3.166008 0.755259 92.321910 0.558530 63.639364 0.366573
 108.000000 3.148032 0.727210 92.828761 0.542908 59.623430 0.358403
 109.000000 3.168928 0.774586 94.887205 0.559204 66.762369 0.388002
 110.000000 3.194713 0.768049 94.549217 0.566250 67.276506 0.382977
 111.000000 3.152121 0.795299 94.508162 0.585063 69.311074 0.393888
 112.000000 3.217015 0.797764 95.457370 0.583900 70.389964 0.387978
 113.000000 3.118214 0.786798 94.551506 0.571480 68.400857 0.396915
 114.000000 3.184462 0.791729 95.294810 0.579817 71.309819 0.388783
 115.000000 3.204613 0.790557 95.286752 0.577616 72.083405 0.404215
 116.000000 3.193506 0.762338 94.936553 0.556166 65.736714 0.358751
 117.000000 3.181479 0.809699 95.396058 0.592636 74.692589 0.410429
 118.000000 3.239416 0.828999 95.690624 0.603204 76.362356 0.417045
 119.000000 3.159040 0.769126 94.807962 0.565968 67.408879 0.382113
 120.000000 3.190279 0.803439 95.388099 0.590594 70.670613 0.408106
 121.000000 3.223229 0.803524 95.276444 0.586425 72.441872 0.405318
 122.000000 3.160022 0.774940 94.614280 0.569289 68.750439 0.401387
 123.000000 3.189075 0.752278 94.603844 0.554624 64.891125 0.372928
 124.000000 3.179803 0.763280 93.795047 0.560268 65.305502 0.383638
 125.000000 3.149570 0.729878 93.382142 0.537525 58.187393 0.356963
 126.000000 3.219488 0.813631 94.356237 0.593621 75.012506 0.413452
 127.000000 3.162504 0.774580 94.398911 0.564844 67.412991 0.384861
 128.000000 3.188615 0.794555 94.661083 0.581911 70.381318 0.390407
 129.000000 3.135467 0.778092 94.062550 0.570061 66.836647 0.379784
 130.000000 3.125126 0.781019 94.984566 0.573068 69.085410 0.381333
 131.000000 3.130284 0.810338 95.524022 0.592600 71.120749 0.408629
 132.000000 3.224270 0.814165 95.467770 0.597311 72.634519 0.410108
 133.000000 3.154976 0.788529 94.534512 0.574355 70.982132 0.389483
 134.000000 3.233652 0.803131 95.365961 0.590018 71.834048 0.405197
 135.000000 3.138819 0.752534 93.024572 0.559022 65.101755 0.353294
 136.000000 3.216620 0.798410 95.277647 0.591680 71.826314 0.407573
 137.000000 3.152567 0.763990 93.761902 0.556413 66.341086 0.364962
 138.000000 3.184402 0.786551 94.522840 0.578267 67.884680 0.392947
 139.000000 3.210834 0.793953 95.308129 0.581278 69.893002 0.395524
 140.000000 3.206334 0.776457 93.696458 0.563681 64.545034 0.391023
 141.000000 3.246735 0.801017 95.220168 0.583307 72.290860 0.411772
 142.000000 3.181389 0.777262 94.113147 0.567097 66.033141 0.383168
 143.000000 3.199829 0.787518 95.006235 0.577047 70.300260 0.391077
 144.000000 3.187393 0.789507 94.752487 0.569475 68.729664 0.389741
 145.000000 3.190812 0.810298 95.220968 0.594312 71.098061 0.414726
 146.000000 3.182491 0.808240 95.483857 0.584795 73.738816 0.405099
 147.000000 3.146040 0.738710 94.036965 0.540697 60.660960 0.368595
 148.000000 3.271882 0.766270 93.816830 0.558538 65.445086 0.388097
 149.000000 3.138843 0.768595 94.982188 0.569080 66.202514 0.384398
 150.000000 3.155114 0.758777 93.675616 0.553829 64.487136 0.370108
 151.000000 3.176698 0.804808 95.314243 0.589355 72.538560 0.402890
 152.000000 3.136472 0.748175 94.719713 0.552607 61.593589 0.369717
 153.000000 3.196713 0.806868 95.240676 0.585622 71.128141 0.404479
 154.000000 3.149371 0.719713 91.300692 0.529646 55.051254 0.338057
 155.000000 3.170450 0.755702 93.932513 0.550907 61.987041 0.361230
 156.000000 3.161686 0.766126 92.861666 0.564146 63.569298 0.379624
 157.000000 3.188458 0.713026 92.770660 0.530003 54.539871 0.347790
 158.000000 3.183936 0.780881 95.027886 0.567853 65.186706 0.395826
 159.000000 3.174707 0.824980 95.472026 0.603703 75.489173 0.429687
 160.000000 3.167821 0.796681 95.434026 0.583981 72.260772 0.413577
 161.000000 3.182251 0.766966 94.462964 0.564181 62.769925 0.383370
 162.000000 3.172412 0.782512 94.644750 0.568163 68.668243 0.388613
 163.000000 3.213401 0.748456 93.540671 0.550365 60.892838 0.386101
 164.000000 3.151168 0.757631 92.767774 0.553535 62.295935 0.363965
 165.000000 3.266611 0.788885 95.236320 0.576666 68.881083 0.410899
 166.000000 3.142336 0.793795 94.992781 0.576244 68.399407 0.392480
 167.000000 3.168287 0.770293 94.882231 0.563768 66.066674 0.382879
 168.000000 3.231179 0.815063 95.102332 0.592239 71.961078 0.417683
 169.000000 3.127775 0.796005 94.601172 0.580549 68.736686 0.395037
 170.000000 3.195221 0.793364 95.288963 0.580801 68.915897 0.425833
 171.000000 3.104016 0.788757 95.091622 0.574586 69.458312 0.378785
 172.000000 3.163093 0.783015 95.303768 0.576812 69.562632 0.397355
 173.000000 3.183369 0.800989 95.415777 0.582116 71.555347 0.390091
 174.000000 3.148791 0.791828 95.170914 0.581195 69.914466 0.403950
 175.000000 3.186604 0.803908 95.482905 0.586974 72.606915 0.403973
 176.000000 3.182748 0.793684 95.184013 0.579438 69.826665 0.393204
 177.000000 3.200505 0.781162 94.593870 0.578695 68.591610 0.397873
 178.000000 3.123547 0.739779 93.486044 0.542241 57.980138 0.358872
 179.000000 3.189684 0.773063 94.755549 0.567443 68.270318 0.393757
 180.000000 3.127442 0.768993 93.791278 0.561799 64.427444 0.375100
 181.000000 3.169824 0.729933 91.990921 0.542983 58.284000 0.362304
 182.000000 3.204847 0.753260 93.988942 0.555305 62.490923 0.357886
 183.000000 3.166568 0.762526 94.458658 0.557549 61.771190 0.386114
 184.000000 3.204567 0.770359 94.955216 0.560398 65.755400 0.389872
 185.000000 3.158433 0.750469 93.913592 0.548477 61.895996 0.373124
 186.000000 3.191792 0.774534 94.882227 0.562083 65.862683 0.392835
 187.000000 3.137531 0.755445 93.151130 0.556938 63.002659 0.367229
 188.000000 3.214535 0.797677 95.099114 0.583021 70.096566 0.421628
 189.000000 3.138826 0.783667 94.929787 0.578363 70.169149 0.391347
 190.000000 3.177429 0.768775 93.968019 0.563071 65.832302 0.389179
 191.000000 3.204949 0.760991 94.717796 0.570803 69.128238 0.370653
 192.000000 3.186556 0.785092 94.340846 0.577408 69.074411 0.400774
 193.000000 3.210463 0.790256 95.176652 0.571024 69.213600 0.397279
 194.000000 3.191122 0.771502 93.931112 0.582208 67.579245 0.385988
 195.000000 3.183618 0.816863 94.586130 0.596265 74.030661 0.400776
 196.000000 3.264261 0.782131 95.112007 0.579446 69.378217 0.411890
 197.000000 3.125338 0.759432 94.569427 0.568755 67.754245 0.369627
 198.000000 3.142468 0.774557 94.860038 0.568537 66.969359 0.379028
 199.000000 3.252813 0.771263 94.867530 0.571296 65.863737 0.391826
 200.000000 3.109596 0.709824 91.421948 0.531385 56.283107 0.341872
 201.000000 3.115461 0.772010 92.129038 0.572477 65.127245 0.373412
 202.000000 3.178689 0.778890 95.167038 0.572176 68.447129 0.382216
 203.000000 3.175276 0.745077 93.932151 0.549189 59.933969 0.370536
 204.000000 3.106779 0.715742 92.182591 0.542205 60.358438 0.343864
 205.000000 3.173913 0.757087 93.850728 0.563923 65.076936 0.378478
 206.000000 3.142380 0.763129 94.819041 0.564500 67.660870 0.377476
 207.000000 3.156657 0.775353 93.975349 0.575233 67.899255 0.382993
 208.000000 3.161009 0.784309 95.011970 0.576048 70.074183 0.387816
 209.000000 3.176942 0.778524 95.106168 0.579674 68.877654 0.386659
 210.000000 3.146395 0.745607 94.663478 0.555502 62.616932 0.362714
 211.000000 3.148703 0.777935 91.724916 0.578344 67.450323 0.385179
 212.000000 3.222264 0.778055 94.323102 0.568413 65.429403 0.393236
 213.000000 3.153739 0.802077 95.442719 0.589007 70.472453 0.385293
 214.000000 3.127546 0.848714 95.780619 0.617964 80.034822 0.439290
 215.000000 3.257033 0.802234 95.443031 0.590340 72.230128 0.390651
 216.000000 3.192436 0.828042 95.534271 0.607109 75.617764 0.427111
 217.000000 3.197000 0.817386 95.559210 0.597785 73.928684 0.418092
 218.000000 3.253885 0.801274 95.564299 0.584886 71.037021 0.408250
 219.000000 3.127829 0.790165 95.040769 0.574445 70.456535 0.391441
 220.000000 3.171063 0.787651 94.946350 0.578812 70.463079 0.396157
 221.000000 3.254285 0.785355 95.080284 0.568979 67.608587 0.402853
 222.000000 3.119758 0.743248 93.467568 0.548275 61.053204 0.354964
 223.000000 3.231789 0.758955 93.818659 0.557563 65.193610 0.380354
 224.000000 3.134209 0.785602 94.645650 0.570955 67.496737 0.393599
 225.000000 3.215115 0.782478 94.637871 0.574318 66.577096 0.398761
 226.000000 3.162828 0.794118 95.291811 0.579809 68.303030 0.410002
 227.000000 3.168691 0.782570 95.303723 0.575140 69.315121 0.385129
 228.000000 3.201892 0.827680 95.394931 0.600962 74.727780 0.433108
 229.000000 3.187374 0.777240 95.091429 0.568906 68.794824 0.375233
 230.000000 3.178917 0.758018 94.474177 0.560833 65.371042 0.389138
 231.000000 3.165816 0.748863 93.403856 0.550348 63.960097 0.361661
 232.000000 3.205522 0.749056 94.113501 0.558748 62.352772 0.382119
 233.000000 3.178352 0.734629 93.443179 0.548420 62.721128 0.351639
 234.000000 3.182280 0.782208 94.955218 0.573991 67.358028 0.387428
 235.000000 3.131939 0.761932 94.264391 0.560759 65.513127 0.392307
 236.000000 3.099077 0.797319 95.137935 0.582708 71.685867 0.386311
 237.000000 3.192866 0.755451 94.308329 0.553899 61.534790 0.381095
 238.000000 3.175851 0.768854 93.848324 0.567959 64.573442 0.369428
 239.000000 3.190825 0.765389 94.801513 0.554399 62.488054 0.391254
 240.000000 3.192459 0.793189 95.074744 0.584122 71.547170 0.404534
 241.000000 3.144535 0.770770 94.833396 0.561999 65.056816 0.382025
 242.000000 3.216322 0.733525 93.537813 0.542108 59.358605 0.360903
 243.000000 3.144902 0.753100 94.520215 0.553616 62.231200 0.358521
 244.000000 3.149070 0.746529 94.193029 0.549366 60.872052 0.384202
 245.000000 3.192176 0.747619 93.266708 0.552169 62.756643 0.369949
 246.000000 3.175263 0.780217 95.119395 0.578621 68.337545 0.385649
 247.000000 3.144760 0.761115 94.895094 0.560111 63.337587 0.369322
 248.000000 3.179752 0.748301 93.488490 0.552122 62.680454 0.357198
 249.000000 3.186575 0.794434 95.378323 0.581155 71.007111 0.414630
 250.000000 3.128015 0.767076 93.797105 0.564690 65.426630 0.363201
 251.000000 3.194583 0.785612 93.955001 0.580875 69.633613 0.397333
 252.000000 3.155504 0.805528 95.362792 0.589459 74.754388 0.391934
 253.000000 3.174526 0.776310 94.815194 0.575055 68.103899 0.408243
 254.000000 3.158380 0.813420 95.497386 0.595709 75.824215 0.403201
 255.000000 3.154238 0.749494 92.323508 0.555908 61.359581 0.366345
 256.000000 3.191763 0.811364 95.291955 0.596808 72.395565 0.404265
 257.000000 3.168624 0.764800 94.609770 0.563595 66.145222 0.381473
 258.000000 3.175170 0.801230 95.180103 0.584218 73.413847 0.399204
 259.000000 3.218415 0.827682 95.664922 0.606981 76.211217 0.412223
 260.000000 3.124400 0.777130 93.637541 0.572496 68.036977 0.384595
 261.000000 3.185758 0.789929 95.046751 0.577642 70.839263 0.385269
 262.000000 3.175764 0.789410 95.304617 0.584591 70.868319 0.399687
 263.000000 3.140554 0.779094 93.533857 0.573926 68.444474 0.387760
 264.000000 3.214155 0.795061 95.226660 0.580031 69.956111 0.402262
 265.000000 3.153426 0.787585 95.212951 0.570078 71.436698 0.391592
 266.000000 3.127671 0.741340 92.408148 0.543018 61.853421 0.355587
 267.000000 3.229315 0.808786 95.272664 0.591423 72.714431 0.422099
 268.000000 3.166633 0.799394 95.103545 0.582278 71.199964 0.399196
 269.000000 3.195000 0.794364 94.887524 0.581031 70.868975 0.408401
 270.000000 3.146694 0.785506 95.001925 0.570978 67.216887 0.390555
 271.000000 3.185259 0.797697 95.119233 0.582819 70.198948 0.399278
 272.000000 3.187148 0.769303 94.687897 0.562098 65.165690 0.383105
 273.000000 3.165399 0.750482 94.015943 0.546685 60.634952 0.373676
 274.000000 3.212112 0.758259 93.602244 0.558814 63.116764 0.381322
 275.000000 3.170419 0.759494 94.031975 0.557448 64.526243 0.369264
 276.000000 3.212635 0.785791 95.084248 0.571792 68.577125 0.397552
 277.000000 3.170037 0.766093 93.437006 0.558171 64.705496 0.358925
 278.000000 3.131846 0.761520 93.556488 0.564148 65.095489 0.385270
 279.000000 3.144313 0.768558 94.612992 0.562799 66.722812 0.374929
 280.000000 3.185168 0.777470 95.065262 0.575067 67.836383 0.403057
 281.000000 3.208066 0.768940 94.311321 0.563640 64.648548 0.387662
 282.000000 3.266084 0.784035 94.900585 0.571915 68.378066 0.409321
 283.000000 3.173626 0.780184 95.108060 0.564075 67.184514 0.379144
 284.000000 3.179511 0.746756 92.603161 0.549431 62.859497 0.373159
 285.000000 3.220624 0.729404 93.088369 0.534297 58.161090 0.367139
 286.000000 3.160047 0.746749 93.575015 0.547186 61.362171 0.369676
 287.000000 3.150818 0.777933 95.050651 0.569018 67.762905 0.385441
 288.000000 3.113132 0.790258 95.144050 0.575128 68.934449 0.387571
 289.000000 3.217318 0.794904 94.939646 0.578331 69.561404 0.401955
 290.000000 3.156186 0.794817 95.074165 0.580255 72.338051 0.396810
 291.000000 3.206960 0.772013 94.159093 0.566789 66.455290 0.375379
 292.000000 3.196426 0.804142 95.380141 0.591271 72.348541 0.398942
 293.000000 3.121138 0.813482 95.403997 0.595549 74.090881 0.407918
 294.000000 3.176270 0.817933 95.413397 0.597192 75.568524 0.410091
 295.000000 3.185624 0.801570 95.305119 0.585906 73.124506 0.401657
 296.000000 3.192280 0.791430 95.392725 0.582991 71.609313 0.390142
 297.000000 3.230660 0.797971 95.217526 0.583866 68.446943 0.409879
 298.000000 3.158430 0.786254 94.991470 0.582084 70.844791 0.392989
 299.000000 3.173238 0.839100 95.295751 0.609823 78.281222 0.436081
 300.000000 3.155599 0.806545 95.450346 0.595196 71.012326 0.392292
 301.000000 3.177777 0.836164 95.696468 0.606219 78.076074 0.432906
 302.000000 3.168125 0.837572 95.647513 0.608640 78.132383 0.425768
 303.000000 3.195135 0.822742 95.509582 0.601184 75.069336 0.415284
 304.000000 3.182249 0.792125 95.246626 0.576237 70.451843 0.394061
 305.000000 3.144892 0.778344 94.608395 0.573708 66.468574 0.382337
 306.000000 3.196321 0.827735 95.671065 0.609104 75.511704 0.431339
 307.000000 3.201001 0.776032 93.980783 0.568945 66.282498 0.384387
 308.000000 3.264795 0.800349 95.417169 0.587976 70.637184 0.422727
 309.000000 3.175794 0.791593 95.299871 0.575417 69.740496 0.385297
 310.000000 3.210620 0.768613 94.537145 0.560031 63.339342 0.388620
 311.000000 3.244051 0.786930 93.557601 0.570820 68.018987 0.394897
 312.000000 3.209280 0.782879 94.514285 0.573842 67.377010 0.395024
 313.000000 3.256635 0.774611 94.774471 0.564604 66.034858 0.391450
 314.000000 3.206794 0.816445 95.511512 0.592659 74.346213 0.417510
 315.000000 3.149602 0.789341 94.646002 0.577313 68.217954 0.391473
 316.000000 3.175177 0.789039 94.767877 0.570058 68.256512 0.382866
 317.000000 3.198784 0.765664 94.292456 0.559043 61.840468 0.401731
 318.000000 3.195031 0.792280 94.763136 0.571699 70.163875 0.389977
 319.000000 3.100682 0.813264 95.520184 0.590298 71.930736 0.414528
 320.000000 3.198749 0.805023 95.463735 0.586630 72.131479 0.400490
 321.000000 3.155119 0.778658 94.666968 0.570424 65.570993 0.388961
 322.000000 3.228797 0.793302 95.101614 0.581823 69.286038 0.399478
 323.000000 3.170718 0.793866 95.028324 0.578644 67.534383 0.410034
 324.000000 3.145523 0.754324 93.918121 0.549182 61.536155 0.357826
 325.000000 3.179582 0.792263 95.301589 0.583689 70.243374 0.397888
 326.000000 3.166481 0.776080 93.585086 0.563811 65.397957 0.398652
 327.000000 3.216691 0.810461 95.144311 0.591581 73.316226 0.395461
 328.000000 3.144754 0.787709 94.759527 0.574057 68.552192 0.406565
 329.000000 3.207252 0.814293 95.553529 0.589485 74.644459 0.410161
 330.000000 3.194190 0.798256 95.298939 0.582823 71.614523 0.417921
 331.000000 3.134415 0.759077 94.612340 0.564236 65.686053 0.369597
 332.000000 3.244467 0.826181 95.481302 0.602263 75.263241 0.418351
 333.000000 3.209948 0.812475 95.560104 0.600707 74.323786 0.407539
 334.000000 3.170267 0.779894 93.426586 0.573002 69.139700 0.381734
 335.000000 3.228558 0.829895 95.639538 0.606908 76.647499 0.432615
 336.000000 3.188677 0.759505 92.869318 0.558889 64.811297 0.369268
 337.000000 3.182453 0.800267 94.799599 0.585194 70.396556 0.413114
 338.000000 3.183292 0.784168 94.655864 0.577042 70.397305 0.380758
 339.000000 3.153531 0.791730 95.142003 0.583536 69.374553 0.404705
 340.000000 3.208640 0.793491 95.173227 0.584582 71.647315 0.391194
 341.000000 3.128458 0.792392 95.208192 0.581569 66.800793 0.401284
 342.000000 3.258777 0.772876 94.972105 0.570691 66.209698 0.387366
 343.000000 3.196125 0.765748 93.507649 0.561122 63.774768 0.392487
 344.000000 3.155201 0.782942 95.216443 0.571771 67.621036 0.403527
 345.000000 3.143774 0.789748 95.270981 0.575860 68.319198 0.382361
 346.000000 3.215162 0.775907 94.837445 0.567740 65.562060 0.401658
 347.000000 3.131999 0.758434 94.090949 0.554166 61.275184 0.365722
 348.000000 3.242581 0.809214 95.201021 0.589875 74.122049 0.419643
 349.000000 3.176277 0.781125 94.710336 0.572007 66.933585 0.384209
 350.000000 3.153073 0.767753 94.647204 0.558471 64.705512 0.375189
 351.000000 3.251272 0.793756 94.809902 0.583604 69.543759 0.406116
 352.000000 3.188391 0.811437 95.520876 0.589835 74.702250 0.400994
 353.000000 3.170569 0.813100 95.369092 0.589683 74.983681 0.421800
 354.000000 3.181267 0.772009 95.091011 0.566208 65.278272 0.378123
 355.000000 3.216105 0.792444 94.940368 0.580037 72.332872 0.407231
 356.000000 3.183473 0.771027 94.443445 0.563433 64.879798 0.389968
 357.000000 3.183380 0.791952 95.326779 0.584319 73.193552 0.402853
 358.000000 3.177525 0.804804 95.269197 0.584515 71.399656 0.412221
 359.000000 3.173332 0.767499 92.296247 0.557540 63.596729 0.374229
 360.000000 3.180245 0.781091 94.850603 0.572121 70.282404 0.393364
 361.000000 3.177134 0.784661 94.882189 0.569790 68.691515 0.392758
 362.000000 3.158175 0.735377 93.536050 0.544863 60.754527 0.367317
 363.000000 3.136801 0.743216 93.135336 0.553133 60.347794 0.354905
 364.000000 3.225193 0.778144 94.816600 0.567819 65.892553 0.396067
 365.000000 3.149580 0.743683 93.184027 0.551081 61.115403 0.354079
 366.000000 3.160891 0.759794 91.673534 0.557085 63.547023 0.376782
 367.000000 3.161504 0.759903 94.464758 0.553538 63.531689 0.375421
 368.000000 3.155476 0.742228 93.651691 0.543889 60.628364 0.357367
 369.000000 3.132746 0.768278 94.823249 0.561677 63.632025 0.410837
 370.000000 3.140732 0.749296 92.930746 0.548231 61.019648 0.365879
 371.000000 3.133895 0.754069 94.132167 0.554563 62.840578 0.373907
 372.000000 3.158177 0.716431 90.934162 0.533713 54.706026 0.340428
 373.000000 3.218253 0.770473 93.753097 0.565565 62.984707 0.388330
 374.000000 3.216582 0.762206 94.521050 0.565118 63.572481 0.394052
 375.000000 3.147253 0.748749 93.544486 0.551275 61.253472 0.361531
 376.000000 3.159032 0.803256 94.706482 0.587102 71.319525 0.410622
 377.000000 3.197496 0.793958 95.042660 0.579862 70.689610 0.390860
 378.000000 3.183315 0.753964 93.986064 0.559265 63.765473 0.386047
 379.000000 3.154889 0.775887 94.895628 0.564003 65.533715 0.376938
 380.000000 3.207356 0.767699 94.672999 0.564840 67.639869 0.384206
 381.000000 3.197651 0.805329 94.793025 0.587131 72.798919 0.404768
 382.000000 3.189758 0.779660 94.769275 0.568124 66.535298 0.399125
 383.000000 3.181350 0.773239 94.433017 0.565872 65.803440 0.394066
 384.000000 3.138766 0.774492 94.790435 0.566018 67.142810 0.386566
 385.000000 3.226388 0.827480 95.363765 0.603129 78.006372 0.437756
 386.000000 3.144362 0.754385 93.282729 0.547608 60.960053 0.356952
 387.000000 3.214679 0.781921 94.664065 0.576374 69.626772 0.407108
 388.000000 3.158881 0.768735 94.843200 0.566954 66.594385 0.366757
 389.000000 3.188375 0.783046 94.295287 0.569438 66.304893 0.396036
 390.000000 3.198147 0.781562 94.680873 0.569856 68.400676 0.388964
 391.000000 3.165259 0.795233 94.869609 0.582076 69.697784 0.399489
 392.000000 3.169570 0.727463 92.533498 0.534958 56.775024 0.347190
 393.000000 3.111372 0.765445 94.587873 0.556466 61.863367 0.366920
 394.000000 3.158178 0.788128 94.950708 0.567913 66.840423 0.406418
 395.000000 3.170827 0.804041 94.754812 0.586284 70.777874 0.401013
 396.000000 3.167785 0.821147 95.577230 0.591435 73.598718 0.422813
 397.000000 3.175317 0.802860 95.111979 0.586592 70.267897 0.395720
 398.000000 3.184148 0.809632 95.448479 0.587427 73.500875 0.420858
 399.000000 3.239031 0.782515 94.634298 0.570165 65.401719 0.401555
 400.000000 3.083650 0.762661 94.968950 0.552049 61.937600 0.379544
 401.000000 3.217933 0.823221 95.642107 0.602450 71.450783 0.420106
 402.000000 3.133109 0.782760 94.730407 0.570357 67.206195 0.391925
 403.000000 3.190078 0.772333 94.368215 0.562384 64.749612 0.384586
 404.000000 3.219232 0.799643 95.101557 0.582324 70.228901 0.404983
 405.000000 3.173797 0.802045 95.397162 0.581515 72.446681 0.415533
 406.000000 3.202111 0.784950 94.667836 0.570022 67.875736 0.388515
 407.000000 3.165231 0.822245 95.417584 0.601752 73.506489 0.414440
 408.000000 3.260617 0.815257 95.555854 0.604289 75.077106 0.417685
 409.000000 3.126964 0.787305 95.021879 0.576577 67.133961 0.396311
 410.000000 3.226044 0.763205 94.832045 0.565802 65.097376 0.377453
 411.000000 3.174796 0.822049 95.460643 0.596560 74.102637 0.423924
 412.000000 3.159386 0.793295 95.359302 0.578828 69.653735 0.395388
 413.000000 3.241359 0.795609 95.261245 0.580268 69.151132 0.399081
 414.000000 3.148073 0.767104 94.126192 0.563697 65.229174 0.383528
 415.000000 3.199515 0.771585 94.299223 0.566403 64.896906 0.380071
 416.000000 3.168574 0.818796 95.557017 0.595525 73.358407 0.416821
 417.000000 3.189909 0.789496 94.040285 0.580172 68.249485 0.385702
 418.000000 3.189892 0.751608 92.581175 0.549677 61.174393 0.375137
 419.000000 3.167858 0.761126 94.409530 0.551903 63.821459 0.377364
 420.000000 3.207074 0.782631 95.203799 0.571768 66.896122 0.384447
 421.000000 3.201199 0.784471 94.213838 0.568846 66.326776 0.381754
 422.000000 3.198201 0.809057 95.409328 0.588733 72.427632 0.415357
 423.000000 3.177830 0.785012 94.285289 0.579299 69.040751 0.394300
 424.000000 3.189177 0.834210 95.494403 0.604608 76.123783 0.430017
 425.000000 3.164253 0.800846 94.763088 0.586940 72.572656 0.402521
 426.000000 3.178152 0.794133 95.343808 0.579025 69.147998 0.404793
 427.000000 3.220595 0.762006 93.808818 0.564090 63.433706 0.378100
 428.000000 3.133498 0.759042 92.867684 0.561199 63.170648 0.373968
 429.000000 3.210004 0.747566 93.237629 0.549038 61.352048 0.361483
 430.000000 3.205388 0.805314 95.342140 0.587322 73.524330 0.404836
 431.000000 3.103591 0.756595 93.489786 0.551201 63.175712 0.378204
 432.000000 3.200094 0.791167 95.203599 0.577178 68.865101 0.411410
 433.000000 3.138160 0.826434 95.589572 0.603264 75.751179 0.420301
 434.000000 3.201493 0.771009 94.920818 0.566376 65.300560 0.378934
 435.000000 3.142112 0.775067 94.804689 0.564148 65.207793 0.404067
 436.000000 3.161680 0.785332 95.257521 0.570561 68.662409 0.384425
 437.000000 3.216035 0.780256 94.279369 0.568139 68.454267 0.394052
 438.000000 3.174444 0.746402 91.920166 0.547757 61.930573 0.361977
 439.000000 3.205719 0.779001 95.112391 0.565685 67.590464 0.409019
 440.000000 3.173062 0.738366 92.480563 0.539485 58.235434 0.371093
 441.000000 3.164271 0.796874 94.864569 0.581724 69.708887 0.403235
 442.000000 3.141033 0.774687 93.239795 0.567873 67.713619 0.390044
 443.000000 3.159324 0.782936 94.898456 0.569573 67.231622 0.394388
 444.000000 3.172782 0.771785 94.594795 0.559187 62.345056 0.399583
 445.000000 3.167589 0.790376 95.318678 0.570892 68.150857 0.400750
 446.000000 3.184094 0.799430 95.277514 0.585981 68.969886 0.408895
 447.000000 3.187816 0.768528 94.901997 0.562631 65.009172 0.379268
 448.000000 3.140850 0.778657 95.095393 0.570859 67.483524 0.392256
 449.000000 3.206125 0.785024 95.113813 0.568467 66.062009 0.405298
 450.000000 3.171390 0.766794 93.612591 0.559528 63.689902 0.387718
 451.000000 3.167378 0.755431 93.230532 0.549686 61.133442 0.376465
 452.000000 3.207413 0.790754 95.234699 0.572769 68.191972 0.402773
 453.000000 3.154856 0.780939 94.904711 0.568655 67.115546 0.393259
 454.000000 3.181108 0.802146 95.371563 0.584562 71.333217 0.391340
 455.000000 3.160394 0.834525 95.655126 0.606392 76.875885 0.435511
 456.000000 3.177954 0.766517 94.616664 0.568508 66.496492 0.377234
 457.000000 3.181404 0.808797 95.397941 0.586570 70.175006 0.416749
 458.000000 3.186045 0.773965 94.889866 0.566844 66.704751 0.400549
 459.000000 3.167357 0.726090 93.111416 0.538131 58.164221 0.347918
 460.000000 3.207901 0.755047 93.932080 0.554258 63.457098 0.389047
 461.000000 3.187568 0.734106 92.965169 0.543567 58.997817 0.351354
 462.000000 3.195665 0.796371 95.204935 0.578395 69.797423 0.413047
 463.000000 3.154596 0.772432 94.335577 0.565267 65.368234 0.379127
 464.000000 3.205618 0.788878 94.740890 0.577853 68.764418 0.401144
 465.000000 3.141097 0.786993 94.350534 0.572799 69.499502 0.379664
 466.000000 3.208384 0.779394 95.077894 0.570669 67.044643 0.397735
 467.000000 3.150034 0.817833 95.503175 0.594720 74.659229 0.407402
 468.000000 3.169493 0.802951 95.160423 0.584087 69.790317 0.397900
 469.000000 3.169040 0.795633 95.265441 0.583203 71.844543 0.405055
 470.000000 3.174717 0.792816 95.204846 0.581432 67.729019 0.387985
 471.000000 3.196970 0.782763 94.242255 0.573417 68.030834 0.381316
 472.000000 3.202749 0.780040 94.005987 0.572263 67.391632 0.374017
 473.000000 3.141045 0.761043 93.927309 0.561833 64.171395 0.380204
 474.000000 3.167376 0.771369 93.464136 0.565282 65.082723 0.369963
 475.000000 3.199120 0.772781 94.330052 0.570742 64.221215 0.390871
 476.000000 3.147658 0.768176 94.712755 0.564757 65.283273 0.367425
 477.000000 3.171634 0.777472 94.934910 0.570030 66.369544 0.389410
 478.000000 3.196975 0.801494 94.987595 0.585629 69.639698 0.404827
 479.000000 3.131348 0.770488 94.096101 0.565111 67.457241 0.370177
 480.000000 3.178957 0.744591 93.898087 0.548782 61.572221 0.369931
 481.000000 3.202431 0.771428 94.096325 0.565541 66.499928 0.379393
 482.000000 3.170968 0.736668 92.700971 0.539764 60.413909 0.368371
 483.000000 3.181288 0.754074 94.774710 0.558123 63.118524 0.359193
 484.000000 3.160187 0.784140 94.431001 0.568091 67.117920 0.395690
 485.000000 3.177904 0.769213 94.930963 0.566487 67.102257 0.376183
 486.000000 3.129262 0.791281 95.298497 0.576431 69.696686 0.396037
 487.000000 3.185856 0.773649 94.361127 0.566312 66.467419 0.393342
 488.000000 3.148104 0.778074 95.050328 0.570095 69.533797 0.377476
 489.000000 3.223889 0.798410 95.434994 0.581585 71.431122 0.402187
 490.000000 3.189611 0.778370 95.066922 0.571980 67.074172 0.391258
 491.000000 3.151948 0.764549 94.046817 0.564200 66.643032 0.376018
 492.000000 3.176225 0.798012 95.329841 0.584199 71.895455 0.397050
 493.000000 3.113118 0.784468 94.419077 0.577857 67.155165 0.397490
 494.000000 3.172855 0.799593 94.807093 0.579026 68.710820 0.392123
 495.000000 3.144866 0.808063 95.204795 0.584422 72.514774 0.415692
 496.000000 3.140679 0.773091 94.515035 0.563926 67.010000 0.377949
 497.000000 3.159775 0.735082 92.905519 0.546464 60.230690 0.372166
 498.000000 3.149663 0.784132 94.975762 0.574050 68.559625 0.387844
 499.000000 3.202247 0.759655 93.261048 0.558072 63.157102 0.376582
 500.000000 3.213252 0.805210 95.495139 0.590985 71.047134 0.418406
 501.000000 3.182690 0.792219 94.370326 0.582875 69.057965 0.385911
 502.000000 3.167983 0.757132 94.167806 0.560222 64.591854 0.362351
 503.000000 3.177356 0.800444 95.082025 0.587477 69.166456 0.387406
 504.000000 3.178074 0.784227 94.973395 0.583071 67.534864 0.411435
 505.000000 3.171847 0.770563 94.982762 0.562540 67.109801 0.383364
 506.000000 3.222068 0.835686 95.638202 0.608688 77.496929 0.433107
 507.000000 3.167127 0.768104 94.762840 0.563993 67.102356 0.368878
 508.000000 3.207717 0.815714 95.366262 0.593003 72.927376 0.408330
 509.000000 3.165396 0.773318 94.658625 0.565203 64.949433 0.398503
 510.000000 3.156332 0.752851 94.384793 0.553000 62.004700 0.362350
 511.000000 3.174126 0.806412 95.453721 0.584762 70.303532 0.420694
 512.000000 3.203241 0.827120 95.530250 0.601064 73.788039 0.416959
 513.000000 3.202809 0.770917 94.706451 0.564154 65.426418 0.396944
 514.000000 3.186662 0.801465 95.324056 0.584820 69.726046 0.403603
 515.000000 3.171787 0.799709 94.852483 0.582675 70.948528 0.405859
 516.000000 3.155268 0.787168 95.245575 0.575150 66.722076 0.392392
 517.000000 3.211399 0.808562 95.347104 0.590135 72.412737 0.419577
 518.000000 3.188347 0.776152 94.944276 0.569357 66.029957 0.391558
 519.000000 3.239798 0.805380 95.385264 0.591565 71.437118 0.413193
 520.000000 3.213546 0.810467 94.810534 0.589944 73.696654 0.414338
 521.000000 3.162337 0.804676 95.334767 0.591682 70.696334 0.396339
 522.000000 3.181560 0.809341 95.251631 0.593210 72.826828 0.429405
 523.000000 3.183794 0.775194 93.928441 0.568700 66.493269 0.365899
 524.000000 3.171172 0.807456 95.492983 0.588692 73.611484 0.405182
 525.000000 3.204025 0.795198 95.250639 0.576633 70.851362 0.406637
 526.000000 3.200172 0.758571 93.399913 0.554656 61.225338 0.385881
 527.000000 3.132166 0.750652 93.332533 0.550341 60.455523 0.372280
 528.000000 3.207927 0.788995 95.077573 0.573722 69.059599 0.388109
 529.000000 3.195675 0.791885 95.186411 0.579698 68.618090 0.405865
 530.000000 3.149561 0.768615 94.681772 0.564341 62.769559 0.357137
 531.000000 3.212240 0.777365 94.658025 0.566658 66.579733 0.408163
 532.000000 3.226008 0.747681 92.340789 0.550710 58.400239 0.369620
 533.000000 3.168738 0.756713 93.529824 0.563057 65.298865 0.370956
 534.000000 3.237703 0.791694 95.113825 0.590196 70.361614 0.410093
 535.000000 3.119195 0.753158 94.199694 0.556431 62.295570 0.364814
 536.000000 3.214134 0.765494 93.530473 0.564603 65.048101 0.383059
 537.000000 3.152576 0.754071 94.591375 0.547122 61.894632 0.372634
 538.000000 3.157699 0.797572 95.402449 0.581820 68.825676 0.402371
 539.000000 3.147367 0.757286 94.285838 0.556128 65.555733 0.374011
 540.000000 3.181572 0.769901 94.057206 0.568864 67.255949 0.376292
 541.000000 3.220051 0.766542 94.766323 0.558905 65.177719 0.379958
 542.000000 3.180843 0.758490 93.971328 0.561987 65.341035 0.377901
 543.000000 3.191433 0.770030 94.762879 0.570472 67.275145 0.389792
 544.000000 3.194592 0.750129 94.301835 0.546609 62.386988 0.354541
 545.000000 3.190468 0.787691 95.160827 0.584464 70.903493 0.409146
 546.000000 3.166710 0.773756 94.717642 0.563720 67.294263 0.369835
 547.000000 3.155120 0.770913 93.999599 0.565745 65.141799 0.386054
 548.000000 3.163928 0.761185 94.926371 0.559264 65.559710 0.362387
 549.000000 3.179144 0.805091 95.435461 0.586820 72.753464 0.421877
 550.000000 3.160758 0.814109 95.578216 0.592320 74.577026 0.406929
 551.000000 3.177453 0.791208 95.409181 0.581759 70.593232 0.399725
 552.000000 3.174050 0.794067 94.406590 0.577607 69.657806 0.420597
 553.000000 3.173951 0.773668 94.851860 0.570939 65.662936 0.382215
 554.000000 3.258653 0.773058 94.482712 0.564113 65.665271 0.396710
 555.000000 3.102921 0.778953 95.018635 0.565654 64.971919 0.391823
 556.000000 3.180392 0.755927 94.425271 0.557041 63.547074 0.382986
 557.000000 3.167695 0.751463 93.597525 0.549454 61.372310 0.357402
 558.000000 3.255648 0.783925 95.018304 0.572492 69.163384 0.402214
 559.000000 3.166912 0.812810 95.356487 0.592794 74.755870 0.408633
 560.000000 3.203441 0.804069 95.319467 0.592236 72.901720 0.409189
 561.000000 3.165608 0.774365 94.974519 0.573949 67.914861 0.387977
 562.000000 3.185287 0.770969 94.610228 0.567780 69.138361 0.377018
 563.000000 3.215764 0.771436 94.668115 0.566908 66.011248 0.388761
 564.000000 3.190274 0.789706 95.327755 0.583037 72.450524 0.376217
 565.000000 3.152915 0.789316 95.190597 0.580920 72.572269 0.414205
 566.000000 3.187114 0.804512 95.334068 0.585494 70.392539 0.397936
 567.000000 3.226232 0.794307 95.322766 0.580638 71.339918 0.405195
 568.000000 3.122444 0.765038 93.125117 0.559033 63.535987 0.372845
 569.000000 3.209968 0.787422 95.124789 0.578640 66.503841 0.403301
 570.000000 3.209432 0.755574 94.004932 0.552703 62.127155 0.390876
 571.000000 3.165141 0.745046 93.132263 0.544239 61.191619 0.376034
 572.000000 3.167853 0.782066 94.273600 0.571690 67.102452 0.393764
 573.000000 3.206241 0.761992 94.361284 0.552613 62.899062 0.370462
 574.000000 3.116472 0.794073 95.244037 0.578077 70.749067 0.402454
 575.000000 3.203668 0.790107 94.495385 0.570432 67.931056 0.405551
 576.000000 3.180133 0.785517 95.087223 0.572401 70.673289 0.392569
 577.000000 3.106016 0.803225 95.351506 0.583646 70.566174 0.389223
 578.000000 3.217395 0.812681 95.203662 0.590463 72.868839 0.418291
 579.000000 3.163620 0.776214 94.314196 0.566982 65.720113 0.380255
 580.000000 3.204128 0.781869 94.479295 0.570303 67.680575 0.379163
 581.000000 3.185401 0.764574 94.504510 0.561460 64.705968 0.387762
 582.000000 3.135336 0.737125 93.708623 0.547841 63.354416 0.339860
 583.000000 3.183182 0.832516 95.602790 0.607281 77.108558 0.434100
 584.000000 3.129083 0.812644 95.215762 0.592400 73.280166 0.402969
 585.000000 3.174346 0.785731 95.133074 0.579995 69.018575 0.399064
 586.000000 3.171109 0.781226 93.977330 0.568294 65.419928 0.390639
 587.000000 3.215617 0.784035 94.990248 0.577021 70.481959 0.398938
 588.000000 3.135310 0.814142 95.558290 0.595607 73.897349 0.415521
 589.000000 3.223570 0.799713 95.107822 0.586141 69.090081 0.398442
 590.000000 3.156120 0.797808 95.392519 0.584739 72.392952 0.403616
 591.000000 3.231173 0.794285 95.146634 0.582576 68.426366 0.387915
 592.000000 3.173571 0.835227 95.396270 0.606292 77.099224 0.431555
 593.000000 3.155719 0.824336 95.632580 0.599763 76.387801 0.413843
 594.000000 3.287921 0.798356 94.622088 0.583071 71.523306 0.421669
 595.000000 3.157053 0.754889 93.481326 0.557294 65.225891 0.371963
 596.000000 3.215495 0.781469 95.204856 0.577438 68.640608 0.399722
 597.000000 3.213074 0.804622 95.510247 0.584837 73.025684 0.406702
 598.000000 3.191879 0.771811 94.955698 0.563345 66.189916 0.389114
 599.000000 3.160194 0.781626 93.997850 0.573314 65.271627 0.391432
 600.000000 3.225898 0.801996 95.342158 0.590512 71.030346 0.405616
 601.000000 3.182348 0.810463 95.303223 0.593413 71.978883 0.417547
 602.000000 3.183061 0.797412 95.301258 0.586820 69.648581 0.392523
 603.000000 3.217665 0.835691 95.717594 0.605468 77.760519 0.430905
 604.000000 3.183143 0.798699 95.469689 0.581314 71.882257 0.395560
 605.000000 3.133912 0.796177 95.420555 0.583783 70.457243 0.404049
 606.000000 3.226656 0.792626 95.423348 0.578183 69.631747 0.407470
 607.000000 3.190704 0.785568 95.038117 0.576659 68.444008 0.397272
 608.000000 3.182387 0.795162 95.158286 0.588772 70.054125 0.403468
 609.000000 3.186606 0.819831 95.564996 0.593556 72.826046 0.401702
 610.000000 3.192685 0.814405 95.370085 0.593592 74.820968 0.420454
 611.000000 3.177129 0.785811 94.770436 0.573217 68.182682 0.378627
 612.000000 3.197017 0.805604 95.446372 0.593916 73.523348 0.427349
 613.000000 3.164134 0.787974 94.779613 0.581697 69.747625 0.378420
 614.000000 3.172939 0.802438 95.414945 0.578132 71.438562 0.412160
 615.000000 3.205476 0.801842 95.104609 0.583722 71.488239 0.405991
 616.000000 3.181818 0.795098 95.269091 0.578407 67.486678 0.409642
 617.000000 3.130087 0.753417 94.104445 0.547719 62.128337 0.368624
 618.000000 3.187562 0.789886 94.958188 0.577155 70.415740 0.399980
 619.000000 3.164977 0.793562 95.107471 0.580527 68.554723 0.399532
 620.000000 3.203878 0.775134 94.821642 0.564325 66.788073 0.376378
 621.000000 3.181975 0.848293 95.731085 0.620011 78.022958 0.451660
 622.000000 3.215930 0.807896 95.185707 0.588922 71.127389 0.399229
 623.000000 3.211475 0.801324 94.217741 0.589291 69.122481 0.410386
 624.000000 3.247103 0.825758 95.545257 0.605126 78.506690 0.428950
 625.000000 3.204577 0.826530 95.608384 0.603510 76.631085 0.421049
 626.000000 3.183428 0.821489 95.504910 0.597025 74.052976 0.413114
 627.000000 3.193198 0.754662 93.949746 0.545450 61.832745 0.366025
 628.000000 3.211390 0.760641 94.237034 0.559976 66.657984 0.396340
 629.000000 3.186734 0.814217 95.260489 0.594089 74.247354 0.408552
 630.000000 3.209619 0.816228 94.889914 0.598835 74.966714 0.415597
 631.000000 3.180452 0.823754 95.614171 0.598671 74.417196 0.418958
 632.000000 3.277013 0.811204 95.575862 0.590483 71.678425 0.413160
 633.000000 3.188921 0.784557 95.108466 0.573923 67.620171 0.395976
 634.000000 3.181644 0.795586 95.304061 0.576894 69.691860 0.394366
 635.000000 3.184348 0.708744 90.490957 0.529501 54.304227 0.349567
 636.000000 3.180282 0.726739 91.982486 0.532510 56.846680 0.341524
 637.000000 3.157734 0.744586 92.750689 0.549346 60.146955 0.368077
 638.000000 3.192260 0.733129 90.963578 0.545504 58.651435 0.350834
 639.000000 3.111564 0.712650 88.470387 0.529479 54.100027 0.328310
 640.000000 3.192595 0.757129 92.626713 0.558349 64.366943 0.371558
 641.000000 3.162909 0.737104 92.086643 0.543297 59.346225 0.349721
 642.000000 3.115421 0.701061 89.479276 0.522918 52.700921 0.307537
 643.000000 3.115557 0.760456 92.084811 0.559625 65.021428 0.370141
 644.000000 3.177754 0.743473 91.046424 0.558926 64.612395 0.356191
 645.000000 3.181350 0.749518 92.297479 0.560210 62.118851 0.378808
 646.000000 3.164177 0.722251 90.666738 0.540690 56.299401 0.348702
 647.000000 3.161129 0.759050 91.731600 0.561822 63.845248 0.367067
 648.000000 3.219172 0.774695 93.202809 0.572700 64.496644 0.399629
 649.000000 3.201372 0.751950 91.754789 0.558979 63.547327 0.361546
 650.000000 3.197581 0.755049 92.834902 0.559821 62.582690 0.378315
 651.000000 3.170756 0.764041 92.428645 0.558863 62.381328 0.375576
 652.000000 3.167477 0.735267 91.575034 0.539221 59.061260 0.370517
 653.000000 3.208194 0.747492 92.087608 0.549156 61.993181 0.356486
 654.000000 3.163995 0.727675 90.872967 0.544261 58.931581 0.358408
 655.000000 3.160253 0.734609 89.964179 0.542111 58.413789 0.348421
 656.000000 3.212377 0.728356 91.124953 0.538266 58.439532 0.355911
 657.000000 3.187970 0.716376 89.273656 0.525650 54.839549 0.348397
 658.000000 3.195668 0.761566 94.624591 0.561956 64.178018 0.376116
 659.000000 3.150007 0.769347 94.786870 0.564270 66.225379 0.393834
 660.000000 3.199317 0.806580 94.969465 0.586850 72.152858 0.420018
 661.000000 3.126051 0.765633 94.042554 0.565237 65.232167 0.387400
 662.000000 3.154117 0.790796 95.229827 0.575761 69.096578 0.397180
 663.000000 3.239131 0.798188 94.479483 0.584914 71.934428 0.412277
 664.000000 3.127326 0.750977 93.583642 0.553427 62.247965 0.371778
 665.000000 3.197557 0.764369 94.049262 0.565700 64.438182 0.381185
 666.000000 3.199133 0.749177 93.534796 0.546022 61.270334 0.363676
 667.000000 3.197288 0.752044 93.853316 0.551149 60.755848 0.375543
 668.000000 3.182220 0.813951 95.579461 0.592145 71.994693 0.408930
 669.000000 3.157327 0.814024 95.226878 0.591679 72.540049 0.414818
 670.000000 3.135723 0.737614 93.419758 0.541418 60.516987 0.358906
 671.000000 3.152415 0.760738 93.788891 0.561793 64.637894 0.375113
 672.000000 3.214963 0.749361 93.017048 0.547129 61.052255 0.364090
 673.000000 3.118560 0.734975 93.927262 0.540415 59.270140 0.357378
 674.000000 3.199877 0.748094 94.167738 0.552063 63.840142 0.370349
 675.000000 3.240179 0.750968 93.037782 0.549229 61.884036 0.382621
 676.000000 3.120680 0.795179 95.180128 0.579070 71.660015 0.401644
 677.000000 3.244861 0.818144 95.440525 0.600499 76.202103 0.425628
 678.000000 3.173988 0.811511 94.994571 0.590840 72.946991 0.401425
 679.000000 3.198880 0.820703 95.562279 0.603874 75.123154 0.410806
 680.000000 3.203328 0.792461 94.970294 0.577668 69.221486 0.411258
 681.000000 3.165931 0.769752 94.784829 0.563667 64.189689 0.388595
 682.000000 3.198837 0.779158 95.056933 0.569210 68.223711 0.393963
 683.000000 3.210090 0.783838 94.915504 0.583736 68.682135 0.383481
 684.000000 3.187091 0.806676 95.323907 0.591232 75.076193 0.416569
 685.000000 3.140412 0.786174 95.327982 0.575313 70.866248 0.379820
 686.000000 3.198270 0.786556 95.254304 0.575727 70.757534 0.403984
 687.000000 3.169351 0.789933 94.452006 0.580354 72.206630 0.385790
 688.000000 3.156907 0.792698 95.321764 0.584015 70.442930 0.392428
 689.000000 3.182449 0.774005 95.084309 0.564950 64.585375 0.398408
 690.000000 3.189383 0.758546 94.029732 0.557973 64.034265 0.373440
 691.000000 3.198105 0.802308 95.339975 0.591427 71.573330 0.421771
 692.000000 3.156034 0.801440 95.369241 0.586590 72.509023 0.395091
 693.000000 3.213361 0.779219 94.947113 0.576874 68.305380 0.401876
 694.000000 3.159906 0.815506 95.396141 0.593264 73.881299 0.397843
 695.000000 3.195170 0.789837 95.224441 0.581262 71.583024 0.401929
 696.000000 3.176732 0.813081 95.532274 0.597272 74.515777 0.413369
 697.000000 3.180313 0.762852 93.760969 0.557416 62.955837 0.372314
 698.000000 3.172208 0.823420 95.646150 0.606356 74.449700 0.429941
 699.000000 3.172249 0.799131 95.251232 0.583879 71.235196 0.389195
 700.000000 3.187310 0.794829 94.968580 0.583706 69.652648 0.421627
 701.000000 3.190606 0.789922 95.260768 0.573041 69.115065 0.386154
 702.000000 3.165435 0.815052 95.576090 0.595145 73.623801 0.422473
 703.000000 3.205468 0.777773 94.886686 0.565564 67.212509 0.378622
 704.000000 3.181701 0.789183 95.290750 0.578512 69.169621 0.382455
 705.000000 3.221864 0.799148 95.276083 0.584221 71.187484 0.418926
 706.000000 3.135059 0.786745 94.455540 0.569721 67.851020 0.382887
 707.000000 3.183623 0.786364 93.852702 0.577987 67.164629 0.404239
 708.000000 3.159317 0.767419 94.462105 0.564522 64.636935 0.358938
 709.000000 3.179783 0.749211 93.977056 0.552590 61.853366 0.361697
 710.000000 3.174757 0.808999 95.351651 0.589686 73.438921 0.405731
 711.000000 3.199536 0.797323 95.403701 0.582762 70.528322 0.412261
 712.000000 3.172887 0.819142 95.604734 0.597491 75.179047 0.422675
 713.000000 3.185525 0.808197 95.418537 0.592039 74.708955 0.401744
 714.000000 3.174271 0.782653 94.735879 0.569755 67.537321 0.398011
 715.000000 3.176911 0.809149 94.966664 0.591962 70.886384 0.412387
 716.000000 3.189109 0.762530 94.098801 0.562185 64.541742 0.387320
 717.000000 3.191499 0.766403 92.964245 0.560990 63.747520 0.376981
 718.000000 3.220072 0.726315 91.976138 0.535156 57.054843 0.351719
 719.000000 3.187976 0.723833 89.400451 0.536297 57.169348 0.340296
 720.000000 3.132381 0.740699 93.654710 0.543628 58.641488 0.349529
 721.000000 3.182426 0.801435 95.146296 0.584553 70.115045 0.420648
 722.000000 3.137542 0.765354 94.669551 0.561923 65.806503 0.373395
 723.000000 3.160899 0.777356 94.709465 0.577459 66.238413 0.386908
 724.000000 3.184292 0.739708 94.203783 0.546038 60.453963 0.354830
 725.000000 3.132937 0.735462 92.679750 0.542919 59.259411 0.349184
 726.000000 3.214569 0.740654 92.269706 0.536355 59.423788 0.361140
 727.000000 3.130772 0.792479 95.371150 0.573648 70.661963 0.380201
 728.000000 3.153471 0.749377 94.079714 0.552394 61.366923 0.387778
 729.000000 3.186689 0.787425 94.396116 0.577015 69.278991 0.385767
 730.000000 3.186524 0.793769 95.181400 0.581954 71.969132 0.408942
 731.000000 3.119064 0.805264 95.311769 0.583394 69.282096 0.403197
 732.000000 3.191456 0.800716 95.467763 0.584686 70.585397 0.403009
 733.000000 3.158718 0.769042 94.919873 0.563444 65.867847 0.386459
 734.000000 3.126442 0.733072 92.054798 0.534506 56.616323 0.334811
 735.000000 3.210283 0.805200 95.155868 0.591756 72.420557 0.424613
 736.000000 3.183793 0.784243 94.597592 0.568953 66.925455 0.392929
 737.000000 3.147832 0.794756 95.042874 0.578406 67.433543 0.395211
 738.000000 3.161354 0.750968 94.084521 0.550050 59.909982 0.373948
 739.000000 3.148045 0.773183 94.339635 0.564592 64.039979 0.386415
 740.000000 3.219805 0.786445 95.233856 0.572603 68.391412 0.394116
 741.000000 3.102064 0.811860 94.636422 0.591030 72.321240 0.393315
 742.000000 3.232706 0.792930 95.146848 0.576127 68.187424 0.416249
 743.000000 3.159557 0.794719 94.878950 0.573596 70.560436 0.399987
 744.000000 3.203633 0.809547 95.419207 0.588007 70.870329 0.414624
 745.000000 3.253662 0.806325 95.199106 0.585958 72.480962 0.406083
 746.000000 3.147898 0.785187 94.373206 0.569654 67.051267 0.390610
 747.000000 3.209177 0.784157 94.912966 0.572101 67.265817 0.397510
 748.000000 3.161301 0.804740 95.342731 0.582398 71.219761 0.409872
 749.000000 3.203359 0.765065 94.421120 0.561303 66.276217 0.387588
 750.000000 3.188935 0.773015 94.979890 0.566047 64.036794 0.384355
 751.000000 3.158700 0.785395 95.186555 0.576804 68.244768 0.389584
 752.000000 3.183411 0.770809 93.788334 0.560141 64.757659 0.394046
 753.000000 3.124268 0.752445 94.678181 0.551585 61.845902 0.373986
 754.000000 3.225852 0.808653 94.683585 0.591644 73.118631 0.412439
 755.000000 3.114710 0.773109 93.439963 0.569027 64.619582 0.359570
 756.000000 3.202159 0.817633 95.360381 0.598199 74.412417 0.425672
 757.000000 3.147428 0.799285 94.738816 0.582484 70.777636 0.404140
 758.000000 3.146122 0.799244 95.457409 0.585887 70.554858 0.403071
 759.000000 3.197772 0.796445 95.306122 0.582004 72.030403 0.394340
 760.000000 3.190544 0.783055 94.435185 0.574283 67.250235 0.390260
 761.000000 3.154107 0.738894 93.473104 0.549711 61.010269 0.375899
 762.000000 3.236527 0.807286 95.427037 0.593604 75.322316 0.413982
 763.000000 3.159984 0.823061 95.585619 0.605210 78.885177 0.409916
 764.000000 3.180951 0.747637 94.330448 0.551004 63.134778 0.374342
 765.000000 3.177927 0.816088 95.519649 0.594653 74.895295 0.410604
 766.000000 3.142891 0.766181 94.549242 0.563142 64.121941 0.385232
 767.000000 3.164397 0.775222 94.754986 0.567811 66.484718 0.381896
 768.000000 3.198135 0.781322 95.088025 0.570967 69.106263 0.390232
 769.000000 3.214726 0.771678 94.181734 0.559027 64.459109 0.386868
 770.000000 3.141632 0.739141 93.158108 0.539307 56.311877 0.343562
 771.000000 3.229174 0.806173 95.394274 0.587372 71.239978 0.420434
 772.000000 3.192312 0.808490 95.460973 0.591234 71.728100 0.401807
 773.000000 3.145260 0.783515 94.892939 0.573297 68.229278 0.392602
 774.000000 3.212178 0.817300 95.510379 0.591427 73.342076 0.405260
 775.000000 3.217963 0.798300 95.355593 0.582150 69.954946 0.411447
 776.000000 3.185042 0.773229 94.834809 0.561087 66.175355 0.391071
 777.000000 3.173197 0.788860 94.939257 0.575238 68.569303 0.391443
 778.000000 3.230495 0.788902 95.316699 0.577199 69.977420 0.398235
 779.000000 3.182443 0.789890 95.263461 0.576829 69.581556 0.384898
 780.000000 3.200108 0.769061 94.350688 0.560325 64.745782 0.392901
 781.000000 3.206554 0.804607 94.770558 0.589183 72.353805 0.406845
 782.000000 3.188109 0.769404 94.209530 0.565027 64.500699 0.370291
 783.000000 3.169340 0.791006 94.699725 0.574461 69.687734 0.388211
 784.000000 3.160544 0.809492 95.435331 0.591595 70.939804 0.421732
 785.000000 3.140625 0.778325 94.940131 0.569876 69.645724 0.395308
 786.000000 3.186854 0.808623 95.408126 0.585606 73.372135 0.415676
 787.000000 3.144023 0.779877 94.772722 0.571742 67.992230 0.389156
 788.000000 3.182339 0.774311 94.650869 0.567585 65.637280 0.389366
 789.000000 3.160197 0.762373 93.015683 0.557647 63.954150 0.369205
 790.000000 3.215559 0.750121 91.830246 0.552994 59.762615 0.358387
 791.000000 3.177075 0.801622 95.294035 0.586883 71.659113 0.399860
 792.000000 3.185818 0.781865 95.066335 0.574499 66.499065 0.395291
 793.000000 3.146557 0.763881 94.575184 0.568228 65.252081 0.368420
 794.000000 3.168844 0.812304 95.155132 0.595611 73.132952 0.408983
 795.000000 3.172914 0.753839 93.836350 0.551961 60.843796 0.373536
 796.000000 3.150124 0.775871 93.239714 0.569646 68.165380 0.389124
 797.000000 3.195760 0.785949 94.549287 0.571941 68.582964 0.401261
 798.000000 3.116213 0.758214 94.733134 0.555179 62.155665 0.378993
 799.000000 3.155913 0.771976 93.776326 0.571486 66.310417 0.376258
 800.000000 3.229086 0.816604 95.511254 0.597119 72.728665 0.417943
 801.000000 3.138922 0.767360 94.791804 0.571156 66.081332 0.372120
 802.000000 3.163098 0.776206 94.529878 0.567684 66.248922 0.391075
 803.000000 3.169165 0.791240 94.321331 0.578025 72.704893 0.394648
 804.000000 3.177960 0.792512 95.092707 0.578576 69.920476 0.401295
 805.000000 3.202154 0.778223 93.941773 0.567259 67.422231 0.382496
 806.000000 3.176143 0.777024 94.215424 0.572163 66.374661 0.402422
 807.000000 3.230950 0.808226 95.488268 0.585713 72.348154 0.407122
 808.000000 3.135119 0.777147 95.037012 0.574569 65.515230 0.384560
 809.000000 3.175105 0.832607 95.600170 0.601725 78.248963 0.421669
 810.000000 3.193220 0.825901 95.623566 0.602808 76.176959 0.416750
 811.000000 3.148405 0.785972 95.126244 0.580677 70.618746 0.391147
 812.000000 3.239193 0.787302 94.835700 0.578886 70.044227 0.400816
 813.000000 3.172662 0.787988 94.309579 0.580473 70.031187 0.392677
 814.000000 3.204219 0.750734 94.181812 0.548821 62.140441 0.360090
 815.000000 3.150293 0.801562 94.991556 0.586488 71.518644 0.405552
 816.000000 3.153066 0.782351 95.101399 0.574466 65.377715 0.396900
 817.000000 3.172130 0.771712 93.648360 0.566035 66.284912 0.381844
 818.000000 3.221243 0.796859 95.149119 0.587411 70.033565 0.402771
 819.000000 3.200674 0.763117 94.146022 0.562527 65.252462 0.382140
 820.000000 3.113554 0.720314 91.421294 0.527793 55.432045 0.338433
 821.000000 3.200263 0.776752 94.178850 0.569856 68.195831 0.383795
 822.000000 3.165945 0.776857 94.989315 0.566641 64.650740 0.398292
 823.000000 3.180213 0.786739 94.800940 0.582785 69.568666 0.380020
 824.000000 3.161478 0.795207 95.365586 0.587023 72.052881 0.402577
 825.000000 3.184714 0.781612 94.990954 0.582390 68.011705 0.391738
 826.000000 3.163612 0.763096 94.832629 0.564370 66.725631 0.389102
 827.000000 3.179314 0.756690 94.399131 0.558852 64.355608 0.365963
 828.000000 3.202754 0.784016 94.524701 0.582620 71.249034 0.391702
 829.000000 3.118960 0.757710 94.418278 0.560215 64.604341 0.369482
 830.000000 3.205216 0.787487 94.842858 0.582357 68.753092 0.405229
 831.000000 3.192866 0.844030 95.730792 0.615479 78.589841 0.433409
 832.000000 3.088280 0.735204 94.192183 0.545761 61.359327 0.345162
 833.000000 3.179732 0.781049 95.218094 0.578607 68.389112 0.398959
 834.000000 3.169609 0.783099 95.053390 0.579499 67.666340 0.378947
 835.000000 3.125615 0.762934 94.377563 0.570734 67.432692 0.391269
 836.000000 3.230791 0.771384 95.060055 0.564723 63.607098 0.373463
 837.000000 3.204575 0.808510 95.278333 0.592202 72.735601 0.409360
 838.000000 3.139248 0.761596 93.407776 0.558930 65.621719 0.370659
 839.000000 3.213805 0.820848 95.114655 0.602317 74.122835 0.431635
 840.000000 3.227207 0.818452 95.598832 0.596916 74.911826 0.418545
 841.000000 3.163792 0.752396 94.283100 0.551594 61.672789 0.375050
 842.000000 3.239520 0.783964 94.889130 0.574693 68.610942 0.395157
 843.000000 3.140606 0.785418 94.185649 0.577331 67.026032 0.391762
 844.000000 3.189918 0.774532 95.117112 0.566419 64.452695 0.386039
 845.000000 3.206731 0.794856 94.751804 0.587741 70.393736 0.397730
 846.000000 3.153319 0.746370 94.531662 0.552695 62.396255 0.370334
 847.000000 3.184341 0.756166 94.663097 0.561057 65.219603 0.379131
 848.000000 3.220661 0.809746 94.703927 0.593464 73.348122 0.427557
 849.000000 3.144605 0.792938 95.121801 0.582232 70.334516 0.393800
 850.000000 3.193068 0.803691 95.314029 0.588260 70.466006 0.411289
 851.000000 3.227687 0.803582 95.005422 0.593678 72.001805 0.407006
 852.000000 3.142262 0.751106 93.431128 0.559062 64.612399 0.355564
 853.000000 3.190195 0.783338 94.662396 0.577553 68.652297 0.397310
 854.000000 3.187008 0.824748 95.421254 0.602699 77.264912 0.401384
 855.000000 3.157252 0.846144 95.691987 0.614306 78.165756 0.443287
 856.000000 3.134686 0.764656 94.634534 0.556894 65.107612 0.371176
 857.000000 3.195204 0.782255 94.425558 0.567395 65.521074 0.401678
 858.000000 3.242434 0.748905 92.700486 0.549145 61.531222 0.366948
 859.000000 3.148003 0.780100 94.595971 0.572572 67.792608 0.393722
 860.000000 3.203421 0.804764 95.241054 0.586742 71.921834 0.400982
 861.000000 3.097550 0.790512 93.578771 0.577789 69.348653 0.400767
 862.000000 3.183747 0.791676 94.586817 0.579406 69.363177 0.405161
 863.000000 3.233117 0.791928 95.082455 0.580877 66.339031 0.402444
 864.000000 3.158131 0.776814 94.993614 0.572265 69.313060 0.397595
 865.000000 3.200717 0.802627 95.164368 0.585866 71.996221 0.393141
 866.000000 3.191393 0.796110 95.361135 0.582826 71.718533 0.414196
 867.000000 3.154972 0.724216 92.116753 0.536298 58.880427 0.343499
 868.000000 3.196532 0.755478 94.588563 0.550378 63.199294 0.394964
 869.000000 3.169695 0.767992 94.378640 0.565484 63.944480 0.366470
 870.000000 3.144322 0.752055 94.523968 0.555343 64.169580 0.367469
 871.000000 3.173324 0.798578 95.190180 0.585563 68.184712 0.411697
 872.000000 3.159668 0.772666 93.958294 0.560538 64.358999 0.387976
 873.000000 3.162785 0.744799 94.195512 0.548291 60.196782 0.363829
 874.000000 3.219787 0.806333 94.980480 0.586410 73.761807 0.403056
 875.000000 3.164904 0.757328 93.525221 0.558238 61.851845 0.382870
 876.000000 3.183500 0.796428 94.246548 0.582519 70.624368 0.391064
 877.000000 3.197728 0.838701 95.614969 0.611385 76.762940 0.430058
 878.000000 3.158530 0.801840 95.464182 0.586024 72.023155 0.407193
 879.000000 3.200152 0.781466 93.205090 0.573646 66.289165 0.379729
 880.000000 3.156101 0.765602 93.194298 0.563442 64.103142 0.393950
 881.000000 3.225283 0.808913 95.387159 0.592590 72.800527 0.410336
 882.000000 3.194198 0.839276 95.704720 0.613144 79.171491 0.437006
 883.000000 3.169505 0.779337 94.624806 0.571112 66.402486 0.390154
 884.000000 3.196583 0.817588 95.488816 0.594890 74.361790 0.414659
 885.000000 3.203306 0.776573 94.475068 0.568740 68.381225 0.401618
 886.000000 3.158010 0.771171 94.448143 0.555182 64.774700 0.370646
 887.000000 3.173803 0.769805 93.786101 0.557406 65.197673 0.385684
 888.000000 3.185071 0.796609 94.747137 0.577071 69.399862 0.389111
 889.000000 3.159659 0.767888 94.474245 0.555467 64.207969 0.381788
 890.000000 3.120110 0.760135 94.189823 0.558896 65.156097 0.369478
 891.000000 3.144156 0.764642 94.210939 0.561257 63.855006 0.381563
 892.000000 3.161482 0.747141 94.453470 0.548279 61.067198 0.378673
 893.000000 3.169195 0.752101 94.122179 0.552579 62.483438 0.364331
 894.000000 3.165873 0.771504 94.629833 0.566793 64.481296 0.380563
 895.000000 3.138076 0.758164 91.982241 0.559184 61.334761 0.362774
 896.000000 3.213760 0.806211 95.216357 0.590205 71.934432 0.419813
 897.000000 3.163352 0.796138 94.700817 0.580039 67.678822 0.399499
 898.000000 3.233235 0.818185 95.437352 0.596433 72.197099 0.423957
 899.000000 3.179594 0.784687 93.944069 0.567741 66.279258 0.393071
 900.000000 3.145395 0.759142 93.788080 0.557433 64.009503 0.382731
 901.000000 3.181198 0.771254 94.782163 0.560758 66.414526 0.386085
 902.000000 3.132757 0.796054 95.093456 0.573640 68.977949 0.401149
 903.000000 3.169325 0.716224 92.142075 0.528221 55.240122 0.351859
 904.000000 3.163035 0.756167 94.343868 0.546007 59.470919 0.381341
 905.000000 3.200727 0.764151 94.330231 0.562737 63.081421 0.394527
 906.000000 3.128523 0.766495 94.816237 0.555719 63.800410 0.375666
 907.000000 3.289242 0.821974 95.455863 0.605972 70.672055 0.430569
 908.000000 3.133979 0.781450 95.126489 0.571017 67.909565 0.385771
 909.000000 3.211267 0.781250 94.798022 0.571180 66.403578 0.391398
 910.000000 3.173752 0.782639 94.680012 0.574074 66.882016 0.394441
 911.000000 3.119341 0.783887 94.724995 0.573991 68.166924 0.380932
 912.000000 3.253348 0.798280 95.140194 0.584500 68.962582 0.415444
 913.000000 3.169447 0.782525 94.681718 0.570955 68.185536 0.390357
 914.000000 3.160608 0.789603 95.034156 0.577519 70.049559 0.398277
 915.000000 3.184152 0.840336 95.684809 0.613508 76.994520 0.420600
 916.000000 3.123201 0.787254 95.047730 0.576199 68.927649 0.395137
 917.000000 3.169960 0.760621 93.217986 0.552187 63.685278 0.364359
 918.000000 3.224978 0.804995 95.226767 0.587406 70.769066 0.421870
 919.000000 3.146699 0.775049 94.762670 0.569869 67.342657 0.389637
 920.000000 3.189572 0.783198 94.766734 0.573632 67.571776 0.392210
 921.000000 3.148601 0.763739 94.614192 0.554720 64.400421 0.382259
 922.000000 3.242363 0.778706 94.484184 0.574242 65.891209 0.374525
 923.000000 3.185859 0.773250 93.876730 0.565238 65.361749 0.378617
 924.000000 3.149165 0.797467 95.345584 0.586683 72.126700 0.399023
 925.000000 3.183902 0.773911 94.864433 0.560411 66.038690 0.400974
 926.000000 3.160498 0.783717 94.771865 0.571874 65.316205 0.393182
 927.000000 3.106898 0.770409 94.177538 0.565835 67.433654 0.385070
 928.000000 3.214969 0.795294 95.252426 0.579016 69.841715 0.398861
 929.000000 3.155781 0.783170 95.009159 0.573741 69.094698 0.401463
 930.000000 3.159560 0.757669 94.346904 0.557995 66.121229 0.374570
 931.000000 3.174447 0.799096 94.449477 0.579055 68.729821 0.412848
 932.000000 3.209931 0.804912 95.340200 0.585754 74.428954 0.399346
 933.000000 3.178614 0.822686 95.649902 0.599435 75.025267 0.424314
 934.000000 3.239455 0.817475 95.610824 0.596399 76.284884 0.420070
 935.000000 3.184904 0.754086 93.753576 0.556597 63.242880 0.365486
 936.000000 3.122866 0.771755 95.002992 0.561812 64.401289 0.400670
 937.000000 3.226785 0.806844 95.533997 0.587619 71.484022 0.398383
 938.000000 3.189093 0.782723 94.873822 0.574490 69.180917 0.399183
 939.000000 3.128414 0.781146 94.935018 0.573994 66.278830 0.385159
 940.000000 3.230202 0.777701 92.876131 0.568415 65.430862 0.393555
 941.000000 3.150454 0.779877 95.037557 0.568880 66.686833 0.384943
 942.000000 3.129109 0.758120 92.498044 0.547141 61.524989 0.366638
 943.000000 3.227801 0.800737 95.406845 0.589797 68.511297 0.415316
 944.000000 3.171711 0.798159 95.066992 0.585446 69.547168 0.399581
 945.000000 3.186248 0.768675 93.757877 0.561775 65.319893 0.398413
 946.000000 3.177847 0.805859 94.870407 0.587435 72.349793 0.390780
 947.000000 3.189680 0.771630 94.311596 0.562199 66.992072 0.388327
 948.000000 3.154406 0.776235 94.407045 0.563517 65.663263 0.390648
 949.000000 3.177526 0.772376 94.436379 0.567710 65.819639 0.390381
 950.000000 3.194123 0.803607 95.422167 0.585792 73.701680 0.414001
 951.000000 3.180879 0.790987 94.747070 0.576278 69.221986 0.383555
 952.000000 3.168482 0.835351 95.614871 0.609382 78.311187 0.437107
 953.000000 3.176989 0.768294 93.530701 0.563769 64.933349 0.365645
 954.000000 3.168436 0.771700 94.428511 0.569973 65.671803 0.387244
 955.000000 3.188854 0.756542 94.249729 0.556773 63.350955 0.364275
 956.000000 3.098925 0.761891 94.445116 0.560014 62.519704 0.386772
 957.000000 3.188071 0.758838 94.481221 0.557864 64.432768 0.372698
 958.000000 3.202921 0.783440 94.912530 0.573639 66.664229 0.381865
 959.000000 3.200056 0.771193 94.685171 0.565732 65.752551 0.377240
 960.000000 3.255735 0.760197 93.819765 0.554155 63.052721 0.366722
 961.000000 3.109841 0.801216 95.316922 0.584452 70.276999 0.404155
 962.000000 3.160542 0.779360 95.011713 0.565789 65.285799 0.381130
 963.000000 3.191616 0.777216 94.920058 0.570136 68.411082 0.398947
 964.000000 3.078699 0.763134 93.502760 0.554512 63.634925 0.364390
 965.000000 3.218618 0.736475 93.367296 0.536991 58.298644 0.370431
 966.000000 3.243764 0.772440 93.562909 0.565225 67.560741 0.385792
 967.000000 3.084463 0.769554 95.077611 0.558472 64.979096 0.385384
 968.000000 3.174252 0.774773 93.985337 0.561462 66.938222 0.378001
 969.000000 3.169664 0.791993 95.164121 0.574423 68.863514 0.400365
 970.000000 3.225730 0.752154 94.472816 0.553412 63.696175 0.382900
 971.000000 3.118903 0.749893 94.136350 0.548643 62.149001 0.352715
 972.000000 3.229777 0.778740 95.088327 0.577991 69.127457 0.390706
 973.000000 3.135400 0.748086 93.262298 0.544874 60.994957 0.366999
 974.000000 3.260622 0.801072 95.342413 0.589657 71.197985 0.415715
 975.000000 3.141182 0.828933 95.573435 0.603919 76.010092 0.412552
 976.000000 3.205867 0.781527 94.086729 0.572950 66.965038 0.389416
 977.000000 3.187457 0.756359 93.561919 0.553440 62.230574 0.372458
 978.000000 3.158220 0.784675 95.292625 0.571161 70.240913 0.381843
 979.000000 3.196494 0.764984 94.653456 0.552865 62.743060 0.392121
 980.000000 3.200540 0.774318 94.651052 0.564441 66.787272 0.380411
 981.000000 3.172824 0.761237 93.754289 0.553642 62.453100 0.377007
 982.000000 3.178057 0.751965 94.155772 0.553402 60.902861 0.368142
 983.000000 3.153112 0.783373 95.008442 0.571883 68.107866 0.392784
 984.000000 3.153514 0.809462 95.490551 0.588921 71.000307 0.415091
 985.000000 3.204777 0.784359 94.699188 0.571691 68.617933 0.388688
 986.000000 3.181274 0.791231 95.289307 0.579961 69.725509 0.415246
 987.000000 3.220387 0.776300 94.699181 0.563595 65.841658 0.388196
 988.000000 3.166917 0.816552 95.473034 0.596782 74.692902 0.421179
 989.000000 3.172990 0.787174 95.169178 0.579448 69.829540 0.384285
 990.000000 3.178617 0.807373 95.414465 0.588189 74.237140 0.411435
 991.000000 3.186397 0.772228 94.684935 0.568899 70.165123 0.384219
 992.000000 3.194703 0.816400 95.454992 0.591953 75.131025 0.405461
 993.000000 3.208479 0.820707 95.591429 0.598265 75.196679 0.418365
 994.000000 3.178597 0.792478 95.073502 0.575371 70.354792 0.396284
 995.000000 3.221565 0.815757 95.448696 0.598903 73.293985 0.411764
 996.000000 3.144660 0.802804 94.767454 0.585600 68.591221 0.400534
 997.000000 3.182554 0.773017 94.908657 0.571101 67.805319 0.377164
 998.000000 3.142171 0.778831 95.029097 0.569686 66.550779 0.397262
 999.000000 3.205610 0.816943 95.549461 0.595114 71.828258 0.410908
 1000.000000 3.100573 0.755734 94.025992 0.556414 63.567140 0.381313
