#! FIELDS time vol refcv.mean refcv.morethan refcv2.mean refcv2.morethan q6.vmean
 0.000000 0.493174 0.382340 1.031181 0.376550 1.251988 0.176643
 1.000000 0.465764 0.403609 1.554838 0.386903 1.931235 0.148314
 2.000000 0.447839 0.379607 0.696726 0.354155 0.375623 0.137112
 3.000000 0.465693 0.376825 0.647058 0.358417 0.450027 0.169972
 4.000000 0.454701 0.368349 0.484095 0.347937 0.275054 0.121357
 5.000000 0.485097 0.403462 1.476227 0.367578 0.507471 0.124121
 6.000000 0.473997 0.376781 0.765943 0.343694 0.270955 0.227598
 7.000000 0.456064 0.426082 2.590035 0.416193 2.045453 0.141595
 8.000000 0.492404 0.409569 1.855330 0.387034 1.549717 0.253742
 9.000000 0.490465 0.385804 0.953461 0.348356 0.335074 0.135007
 10.000000 0.461824 0.406852 1.986993 0.366611 0.745405 0.184690
 11.000000 0.505286 0.386789 1.000654 0.375723 1.438929 0.178838
 12.000000 0.435857 0.405150 1.358869 0.373484 0.670030 0.203157
 13.000000 0.477417 0.384263 0.758119 0.382549 1.241416 0.137358
 14.000000 0.437558 0.396835 1.191480 0.362601 0.617493 0.181108
 15.000000 0.459288 0.382866 0.714967 0.378573 0.731287 0.124315
 16.000000 0.457255 0.387931 0.961552 0.404777 1.692100 0.201848
 17.000000 0.453055 0.390938 0.952019 0.398718 1.601002 0.122279
 18.000000 0.478361 0.373377 0.558859 0.391234 1.529957 0.122092
 19.000000 0.478005 0.371339 0.577601 0.356281 0.525772 0.173074
 20.000000 0.432034 0.375165 0.589163 0.389440 1.152098 0.200199
 21.000000 0.430782 0.381129 0.840863 0.365796 0.683553 0.149383
 22.000000 0.497189 0.388675 0.954783 0.370903 0.745644 0.128414
 23.000000 0.465140 0.377828 0.638635 0.371758 0.588946 0.156587
 24.000000 0.466835 0.376084 0.674518 0.344731 0.322844 0.176313
 25.000000 0.473892 0.390954 0.936945 0.356139 0.361852 0.175695
 26.000000 0.476950 0.395239 1.128973 0.379342 0.969044 0.166089
 27.000000 0.500518 0.401447 1.366606 0.374523 0.863736 0.154378
 28.000000 0.484336 0.395950 1.311519 0.365995 0.686388 0.211776
 29.000000 0.452346 0.376484 0.615539 0.357031 0.418483 0.098904
 30.000000 0.459148 0.389890 0.974257 0.377347 1.210915 0.214507
 31.000000 0.489109 0.380641 0.742518 0.372337 0.835725 0.181378
 32.000000 0.497981 0.380700 0.963960 0.390974 1.166423 0.139936
 33.000000 0.502816 0.383714 1.199057 0.385129 1.547089 0.125707
 34.000000 0.542912 0.396135 1.537181 0.402293 2.579080 0.170612
 35.000000 0.487344 0.406388 1.796703 0.403016 2.238865 0.189907
 36.000000 0.496004 0.413665 2.532693 0.420459 3.624866 0.160332
 37.000000 0.483891 0.392456 1.379104 0.391349 1.696743 0.118579
 38.000000 0.541342 0.399437 1.726557 0.404257 2.570273 0.207862
 39.000000 0.466301 0.392252 1.274768 0.392164 1.531934 0.098862
 40.000000 0.463156 0.400046 1.351045 0.417784 2.625021 0.139532
 41.000000 0.499455 0.385210 1.056446 0.377510 1.539973 0.192126
 42.000000 0.472122 0.370631 0.610002 0.374166 0.866880 0.137852
 43.000000 0.489167 0.371549 0.540485 0.369811 0.774199 0.122530
 44.000000 0.446655 0.398174 1.278957 0.383729 1.177722 0.141454
 45.000000 0.453128 0.408136 1.747059 0.377957 1.363590 0.201648
 46.000000 0.484474 0.376474 0.703910 0.347623 0.394549 0.133621
 47.000000 0.458365 0.380008 0.662430 0.371912 0.839213 0.189802
 48.000000 0.481254 0.385683 0.982937 0.364182 1.026785 0.107094
 49.000000 0.458195 0.395889 1.067720 0.386004 1.591642 0.192443
 50.000000 0.464005 0.393847 1.169591 0.394428 2.184886 0.175511
 51.000000 0.444972 0.412860 1.828495 0.413242 2.348833 0.181140
 52.000000 0.523281 0.406880 2.038441 0.405022 2.337891 0.148597
 53.000000 0.471547 0.368866 0.513166 0.359495 0.490876 0.164489
 54.000000 0.461426 0.415924 2.514381 0.372325 0.961892 0.215697
 55.000000 0.462182 0.404140 1.776676 0.383670 1.421273 0.164680
 56.000000 0.483408 0.398072 1.361613 0.376399 0.872616 0.208436
 57.000000 0.493464 0.382198 0.700637 0.384661 1.095559 0.183304
 58.000000 0.487167 0.384641 0.916250 0.364468 0.690914 0.176603
 59.000000 0.475169 0.379369 0.688882 0.358463 0.577574 0.106806
 60.000000 0.457153 0.389507 0.939949 0.405298 2.109584 0.139578
 61.000000 0.476945 0.383210 0.835394 0.384392 1.456611 0.177808
 62.000000 0.492403 0.388255 1.132444 0.369614 0.564254 0.208844
 63.000000 0.466392 0.383396 0.867411 0.354202 0.595561 0.240691
 64.000000 0.517988 0.374199 0.663920 0.363490 0.777356 0.190104
 65.000000 0.513901 0.382208 0.852108 0.368778 0.655430 0.227145
 66.000000 0.491820 0.375443 0.625932 0.351957 0.395011 0.160784
 67.000000 0.480052 0.395929 1.448580 0.381551 0.960803 0.182416
 68.000000 0.437184 0.388780 1.002915 0.369738 0.770461 0.134443
 69.000000 0.444067 0.381009 0.788353 0.374674 0.712256 0.172700
 70.000000 0.440891 0.376616 0.643162 0.361367 0.469481 0.188206
 71.000000 0.479658 0.399164 1.384456 0.361646 0.650021 0.149441
 72.000000 0.458529 0.402786 1.555286 0.360973 0.542519 0.166077
 73.000000 0.480520 0.367981 0.529482 0.352780 0.452919 0.174837
 74.000000 0.472760 0.409545 1.912844 0.388004 1.441740 0.179869
 75.000000 0.531986 0.424069 2.941801 0.369149 0.760413 0.203873
 76.000000 0.470365 0.428928 2.842445 0.392975 1.254698 0.193460
 77.000000 0.478784 0.385328 1.046048 0.375720 0.719811 0.178666
 78.000000 0.518247 0.378002 0.811411 0.377033 1.358745 0.203592
 79.000000 0.460846 0.379834 0.866616 0.368296 0.745196 0.166154
 80.000000 0.462168 0.370417 0.558994 0.378825 0.969156 0.128547
 81.000000 0.471551 0.395871 1.235264 0.378681 1.200090 0.181471
 82.000000 0.496208 0.368916 0.459695 0.358835 0.513271 0.190897
 83.000000 0.455732 0.384247 0.726408 0.353790 0.414583 0.118426
 84.000000 0.454553 0.406539 1.514148 0.374498 0.924919 0.169836
 85.000000 0.452940 0.387786 0.820429 0.348159 0.299083 0.161589
 86.000000 0.496741 0.427804 3.162744 0.353609 0.387402 0.146058
 87.000000 0.458090 0.395158 1.206163 0.369415 0.630169 0.229044
 88.000000 0.479582 0.391595 0.998869 0.364299 0.583399 0.177275
 89.000000 0.474945 0.376673 0.629674 0.378498 0.841588 0.174585
 90.000000 0.472858 0.372681 0.653120 0.367989 0.715919 0.182769
 91.000000 0.513542 0.384574 0.864557 0.378706 1.343932 0.153837
 92.000000 0.481287 0.379112 0.660737 0.364264 0.742994 0.168794
 93.000000 0.473990 0.383167 0.704240 0.375587 0.842530 0.177847
 94.000000 0.444441 0.385482 0.841802 0.387975 1.232119 0.103071
 95.000000 0.469310 0.383870 0.764542 0.363194 0.474880 0.164030
 96.000000 0.482907 0.386895 1.036444 0.341583 0.262448 0.162681
 97.000000 0.495827 0.367878 0.542250 0.350460 0.348114 0.131017
 98.000000 0.430306 0.388183 0.922222 0.359711 0.816388 0.215648
 99.000000 0.494005 0.376152 0.667551 0.356108 0.549708 0.146063
 100.000000 0.487078 0.366465 0.451237 0.350402 0.313812 0.176231
 101.000000 0.499682 0.373820 0.592817 0.359127 0.669694 0.156233
 102.000000 0.478941 0.371442 0.608758 0.364070 0.596325 0.147079
 103.000000 0.480393 0.392050 1.259317 0.359771 0.536358 0.149859
 104.000000 0.448018 0.387631 0.866654 0.396570 1.510156 0.149690
 105.000000 0.481842 0.365712 0.494174 0.343472 0.283395 0.201661
 106.000000 0.478132 0.368459 0.542003 0.344684 0.344093 0.211964
 107.000000 0.430988 0.384179 0.712743 0.378684 0.833453 0.117216
 108.000000 0.462627 0.373900 0.533489 0.360694 0.700786 0.108337
 109.000000 0.512296 0.410778 1.768467 0.385796 1.290040 0.124146
 110.000000 0.479570 0.414528 2.126281 0.398791 1.821340 0.145242
 111.000000 0.487797 0.401802 1.735610 0.389230 1.884864 0.093496
 112.000000 0.454894 0.419987 2.350692 0.392868 1.377741 0.135652
 113.000000 0.473895 0.408897 2.136204 0.369632 0.614831 0.164349
 114.000000 0.436664 0.408000 1.713987 0.391354 1.115396 0.165790
 115.000000 0.437047 0.398402 1.497052 0.385585 1.157383 0.152309
 116.000000 0.440164 0.404346 2.257457 0.373149 0.776695 0.203333
 117.000000 0.444322 0.399703 1.451806 0.359696 0.437092 0.144708
 118.000000 0.449391 0.385928 1.014962 0.362189 0.510031 0.122804
 119.000000 0.490660 0.393628 1.363401 0.376121 0.817608 0.143966
 120.000000 0.500606 0.407642 1.983275 0.398574 1.741962 0.170694
 121.000000 0.501966 0.403784 1.914865 0.382322 1.017121 0.178192
 122.000000 0.497956 0.410719 2.010025 0.393846 1.476113 0.213654
 123.000000 0.478882 0.392559 1.033415 0.396095 1.657930 0.188696
 124.000000 0.486284 0.425354 2.526821 0.428225 3.171586 0.203937
 125.000000 0.491057 0.397430 1.378186 0.376675 1.067871 0.187726
 126.000000 0.474499 0.411522 2.052588 0.390520 1.476921 0.167778
 127.000000 0.481538 0.420896 2.297720 0.390023 1.853078 0.179412
 128.000000 0.481240 0.435361 3.061070 0.394868 1.425813 0.153921
 129.000000 0.460585 0.413604 1.710715 0.378676 0.874197 0.220256
 130.000000 0.492165 0.419212 2.045125 0.374192 0.709462 0.197568
 131.000000 0.486822 0.429494 3.111380 0.390074 1.300186 0.190617
 132.000000 0.463117 0.441272 3.388837 0.388379 0.907821 0.238410
 133.000000 0.474112 0.434945 2.912069 0.379045 0.895267 0.220095
 134.000000 0.480765 0.450299 3.790123 0.399511 1.596392 0.266189
 135.000000 0.498039 0.438229 3.300065 0.370733 0.764942 0.171492
 136.000000 0.501251 0.429922 2.886028 0.366350 0.469011 0.150673
 137.000000 0.542281 0.448614 4.393588 0.373402 1.190290 0.287007
 138.000000 0.476169 0.412344 1.960114 0.366271 0.742891 0.142170
 139.000000 0.506565 0.403761 1.402978 0.352141 0.547599 0.182431
 140.000000 0.488638 0.399628 1.156672 0.362192 0.563367 0.187669
 141.000000 0.477565 0.408331 1.685630 0.364110 0.484169 0.197354
 142.000000 0.480822 0.380923 0.678816 0.341364 0.258503 0.166413
 143.000000 0.493305 0.391955 1.027711 0.351630 0.403499 0.174696
 144.000000 0.466031 0.377508 0.644290 0.362203 0.484541 0.157046
 145.000000 0.473526 0.389512 0.994733 0.382708 1.479920 0.118803
 146.000000 0.468840 0.391667 1.157321 0.395441 1.491882 0.125985
 147.000000 0.446530 0.396914 1.235579 0.388689 1.412416 0.138484
 148.000000 0.486371 0.381717 0.677961 0.382867 1.040682 0.207867
 149.000000 0.461989 0.392017 1.139786 0.393189 1.764295 0.196050
 150.000000 0.488081 0.406212 1.834456 0.408961 2.687691 0.191899
 151.000000 0.468884 0.398244 1.520083 0.400828 2.719429 0.187229
 152.000000 0.514021 0.367584 0.573830 0.347591 0.372253 0.142218
 153.000000 0.458047 0.390530 0.971720 0.373986 0.804668 0.254214
 154.000000 0.502246 0.386849 1.005099 0.365771 0.610863 0.165653
 155.000000 0.513617 0.392819 1.139993 0.354834 0.364311 0.133410
 156.000000 0.546561 0.365825 0.528409 0.364555 0.617056 0.130031
 157.000000 0.420588 0.384037 0.733052 0.379558 0.749156 0.175224
 158.000000 0.440360 0.384099 0.830865 0.370745 0.763829 0.171101
 159.000000 0.427224 0.394865 1.163396 0.387379 1.436138 0.131761
 160.000000 0.442536 0.380577 0.774490 0.369962 0.760384 0.113384
 161.000000 0.471899 0.383510 0.846352 0.374549 1.203227 0.221026
 162.000000 0.465257 0.364691 0.479403 0.369090 0.503896 0.225466
 163.000000 0.444714 0.379800 0.794676 0.354546 0.553815 0.157260
 164.000000 0.474442 0.394140 1.080019 0.392612 1.034919 0.155704
 165.000000 0.463734 0.389858 0.887992 0.388771 1.182753 0.138007
 166.000000 0.439524 0.389156 0.851802 0.367926 0.574290 0.132308
 167.000000 0.439210 0.391622 1.036405 0.366953 0.824839 0.182326
 168.000000 0.420407 0.388539 0.866106 0.369461 0.801512 0.129511
 169.000000 0.451708 0.374801 0.588539 0.362647 0.455796 0.168862
 170.000000 0.465339 0.376509 0.672896 0.361598 0.548893 0.150814
 171.000000 0.446736 0.399842 1.705425 0.371316 0.925303 0.139181
 172.000000 0.472535 0.368684 0.507247 0.354457 0.418089 0.125421
 173.000000 0.483894 0.376215 0.632400 0.385474 1.147244 0.142044
 174.000000 0.494377 0.393807 1.149172 0.370111 0.960560 0.164311
 175.000000 0.480253 0.399748 1.625004 0.406222 2.082578 0.172534
 176.000000 0.463842 0.402086 1.448811 0.390257 1.942769 0.194384
 177.000000 0.462314 0.378117 0.676663 0.368017 0.738929 0.188354
 178.000000 0.474437 0.381091 0.799902 0.369916 0.986500 0.213018
 179.000000 0.450294 0.368266 0.465671 0.353281 0.452876 0.237913
 180.000000 0.423375 0.387269 0.836614 0.374408 0.644507 0.222274
 181.000000 0.483231 0.395944 1.416242 0.408380 2.082208 0.156138
 182.000000 0.478754 0.406955 2.036872 0.373032 0.822326 0.146635
 183.000000 0.475292 0.383579 0.869261 0.369842 0.508457 0.209735
 184.000000 0.456201 0.384197 0.849307 0.379538 1.036374 0.206012
 185.000000 0.448939 0.377558 0.641674 0.384739 1.185511 0.140094
 186.000000 0.454903 0.380689 0.766687 0.365941 0.676637 0.135774
 187.000000 0.498993 0.358429 0.386578 0.355970 0.434240 0.156445
 188.000000 0.479670 0.370657 0.514084 0.356994 0.465153 0.135718
 189.000000 0.517359 0.383096 0.994720 0.344464 0.334175 0.150215
 190.000000 0.483974 0.380409 0.824869 0.335382 0.243310 0.198807
 191.000000 0.526086 0.369169 0.674395 0.323132 0.124421 0.157305
 192.000000 0.526618 0.368083 0.630374 0.331012 0.186982 0.229025
 193.000000 0.478014 0.389029 1.063789 0.363234 0.528795 0.110214
 194.000000 0.483952 0.378322 0.785362 0.365417 0.581945 0.119290
 195.000000 0.489430 0.383757 1.069349 0.371454 0.588980 0.134577
 196.000000 0.521066 0.365280 0.546444 0.340264 0.334392 0.196177
 197.000000 0.523050 0.360946 0.411521 0.338304 0.222193 0.182467
 198.000000 0.454940 0.388520 0.895449 0.346863 0.309862 0.183531
 199.000000 0.458783 0.373547 0.538223 0.326009 0.141888 0.185422
 200.000000 0.496819 0.371466 0.675306 0.343784 0.292220 0.114525
 201.000000 0.441467 0.386982 0.959986 0.360839 0.524936 0.119529
 202.000000 0.446073 0.388209 0.848858 0.369594 0.736439 0.131503
 203.000000 0.484406 0.386893 0.879771 0.341539 0.200782 0.217372
 204.000000 0.463648 0.376934 0.626822 0.350444 0.396985 0.227208
 205.000000 0.424555 0.383860 0.795253 0.377250 0.855383 0.219643
 206.000000 0.466945 0.373175 0.589794 0.348764 0.371762 0.085412
 207.000000 0.435508 0.389456 0.992185 0.369526 0.750323 0.166597
 208.000000 0.498228 0.372817 0.672729 0.364352 0.782663 0.198637
 209.000000 0.454320 0.380289 0.663996 0.366962 0.684085 0.145422
 210.000000 0.483366 0.394886 1.098188 0.387583 1.679436 0.148309
 211.000000 0.463446 0.386110 0.933968 0.373679 1.193560 0.167807
 212.000000 0.463690 0.376046 0.612333 0.343989 0.414151 0.147952
 213.000000 0.498976 0.366712 0.513070 0.341740 0.305179 0.152572
 214.000000 0.458911 0.385921 0.798157 0.344504 0.308914 0.119963
 215.000000 0.457407 0.370977 0.488771 0.359849 0.491131 0.203841
 216.000000 0.455334 0.375983 0.568660 0.351618 0.411391 0.129692
 217.000000 0.485637 0.375275 0.552877 0.349056 0.412451 0.157332
 218.000000 0.479415 0.380806 0.747586 0.333341 0.222445 0.158104
 219.000000 0.467422 0.370884 0.479108 0.336112 0.230841 0.135201
 220.000000 0.442865 0.369807 0.496843 0.344900 0.280602 0.127370
 221.000000 0.471145 0.379713 0.715291 0.356544 0.454897 0.153505
 222.000000 0.495340 0.371500 0.582234 0.362807 0.511419 0.161052
 223.000000 0.466693 0.382700 0.750401 0.367869 0.708880 0.197093
 224.000000 0.432593 0.378848 0.662224 0.355467 0.404443 0.195764
 225.000000 0.443241 0.390937 0.919244 0.377382 1.044579 0.246226
 226.000000 0.479071 0.418669 2.007302 0.410057 2.256076 0.192520
 227.000000 0.480252 0.424358 2.126596 0.396611 1.600756 0.078524
 228.000000 0.481486 0.414043 2.044822 0.389013 1.827088 0.131950
 229.000000 0.505008 0.406379 1.745866 0.391909 1.619659 0.163414
 230.000000 0.504327 0.389455 0.960574 0.378171 0.802287 0.155889
 231.000000 0.432759 0.394764 1.032342 0.387087 1.169634 0.123306
 232.000000 0.446155 0.377623 0.597788 0.379080 0.837128 0.182734
 233.000000 0.482018 0.393733 1.112016 0.401934 1.628329 0.313020
 234.000000 0.439630 0.393116 0.908996 0.375222 0.786166 0.172813
 235.000000 0.497790 0.395293 1.271862 0.400995 1.779314 0.166357
 236.000000 0.453531 0.399272 1.244127 0.397569 1.151097 0.167503
 237.000000 0.492109 0.391668 1.173650 0.375031 0.806930 0.165989
 238.000000 0.485774 0.405164 1.674911 0.380114 1.139524 0.111346
 239.000000 0.511130 0.416694 1.980934 0.391840 1.268704 0.262752
 240.000000 0.490512 0.402495 1.321207 0.422541 2.648131 0.153110
 241.000000 0.529182 0.408127 1.741476 0.388579 1.427504 0.206930
 242.000000 0.502920 0.400742 1.432634 0.400632 1.772033 0.177338
 243.000000 0.485612 0.411054 1.728884 0.428819 3.251089 0.188368
 244.000000 0.509870 0.406939 1.648155 0.404170 1.877331 0.195128
 245.000000 0.497749 0.415810 2.627292 0.424190 3.538485 0.178419
 246.000000 0.540239 0.496424 7.818417 0.450802 5.040975 0.283177
 247.000000 0.514244 0.479479 6.311647 0.423987 3.287480 0.235923
 248.000000 0.535178 0.481893 6.403260 0.436456 4.299511 0.340188
 249.000000 0.476032 0.443626 3.883503 0.409841 2.737306 0.309654
 250.000000 0.500827 0.442194 3.445653 0.437917 3.853643 0.230266
 251.000000 0.493177 0.462991 5.020285 0.447401 4.712878 0.202845
 252.000000 0.493284 0.453254 4.982031 0.461015 6.299706 0.233274
 253.000000 0.527478 0.475754 6.912355 0.475573 6.935248 0.225562
 254.000000 0.540778 0.480805 6.917325 0.493792 7.734023 0.294822
 255.000000 0.549728 0.473161 6.650115 0.491592 7.505552 0.288556
 256.000000 0.535349 0.508471 8.881442 0.468336 6.391288 0.291230
 257.000000 0.475747 0.403956 1.533946 0.420179 2.813522 0.191494
 258.000000 0.471497 0.455809 4.799000 0.462740 5.395658 0.152504
 259.000000 0.472569 0.423654 2.495770 0.433866 3.541197 0.170020
 260.000000 0.477505 0.443854 3.668572 0.459022 5.279662 0.153692
 261.000000 0.485021 0.441036 3.309395 0.431292 3.205370 0.150375
 262.000000 0.490479 0.442854 3.635413 0.460715 5.520986 0.181120
 263.000000 0.481164 0.445754 3.736962 0.455923 5.150623 0.177422
 264.000000 0.457744 0.454198 4.502459 0.451487 4.786892 0.159742
 265.000000 0.475913 0.447953 4.230168 0.429788 3.234659 0.153526
 266.000000 0.501817 0.437105 4.174364 0.420117 3.492464 0.142452
 267.000000 0.506132 0.434784 3.695071 0.392064 2.101915 0.171684
 268.000000 0.450271 0.414738 2.056888 0.409571 2.036692 0.124307
 269.000000 0.455940 0.418133 2.138551 0.398298 1.783953 0.119493
 270.000000 0.509117 0.401940 1.671436 0.386186 1.333274 0.101022
 271.000000 0.461932 0.384756 0.847967 0.382640 1.202833 0.176205
 272.000000 0.468799 0.380493 0.735797 0.376678 0.956836 0.176269
 273.000000 0.441135 0.395372 1.181350 0.387495 1.192772 0.151455
 274.000000 0.478491 0.397150 1.142491 0.395729 1.476526 0.119259
 275.000000 0.447447 0.400036 1.191896 0.381328 0.988422 0.185679
 276.000000 0.466434 0.379312 0.849084 0.368796 0.925468 0.191212
 277.000000 0.448633 0.383944 0.843627 0.378576 1.104824 0.200548
 278.000000 0.454095 0.386986 1.022162 0.386416 1.488828 0.162020
 279.000000 0.454125 0.375915 0.597563 0.352571 0.340647 0.166437
 280.000000 0.489810 0.366592 0.478880 0.358590 0.423669 0.187273
 281.000000 0.454832 0.382326 0.868812 0.361656 0.536050 0.147989
 282.000000 0.435855 0.391571 0.997476 0.380404 0.877882 0.142361
 283.000000 0.459679 0.406560 1.694937 0.378062 1.098871 0.188494
 284.000000 0.462066 0.399282 1.412136 0.365611 0.663245 0.139852
 285.000000 0.464133 0.401189 1.301526 0.375693 1.036071 0.158641
 286.000000 0.445819 0.375779 0.609183 0.352834 0.433950 0.127891
 287.000000 0.457961 0.383034 0.851514 0.336820 0.275670 0.139849
 288.000000 0.443798 0.382546 0.780751 0.344747 0.339262 0.126628
 289.000000 0.486982 0.384895 0.935582 0.359198 0.422709 0.183887
 290.000000 0.477976 0.364483 0.439198 0.339709 0.316712 0.156530
 291.000000 0.488881 0.361250 0.436921 0.341057 0.310601 0.198387
 292.000000 0.474954 0.365871 0.425939 0.339280 0.216707 0.138405
 293.000000 0.461999 0.372981 0.575454 0.354176 0.343510 0.140677
 294.000000 0.458754 0.380895 0.806765 0.360940 0.502665 0.153600
 295.000000 0.449775 0.377646 0.647646 0.356699 0.459063 0.203592
 296.000000 0.477599 0.389329 0.928630 0.383740 0.982606 0.154694
 297.000000 0.482987 0.396056 1.468004 0.370393 0.748325 0.188382
 298.000000 0.435968 0.389710 0.900435 0.376495 0.825168 0.088220
 299.000000 0.422954 0.386852 0.840360 0.383442 0.886288 0.098301
 300.000000 0.418728 0.384543 0.746488 0.382165 0.991587 0.135773
 301.000000 0.442699 0.384601 0.764045 0.378206 0.806641 0.130962
 302.000000 0.428614 0.386525 0.843169 0.377895 0.703076 0.138238
 303.000000 0.494273 0.387334 1.004389 0.383769 1.581343 0.168295
 304.000000 0.491470 0.371171 0.525782 0.372690 0.734049 0.143561
 305.000000 0.437197 0.383401 0.703308 0.362961 0.441983 0.140665
 306.000000 0.503435 0.364999 0.479938 0.333017 0.173414 0.187561
 307.000000 0.481183 0.385158 1.002281 0.378066 0.740089 0.206187
 308.000000 0.462988 0.376507 0.651581 0.380869 0.761247 0.158274
 309.000000 0.467670 0.409261 1.544071 0.384011 0.923886 0.215941
 310.000000 0.456997 0.397615 1.419579 0.369166 0.836928 0.119995
 311.000000 0.460058 0.383284 0.882154 0.354320 0.400906 0.159222
 312.000000 0.502654 0.394502 1.356321 0.363053 0.644922 0.155549
 313.000000 0.502214 0.382072 0.849663 0.352820 0.341840 0.140349
 314.000000 0.507813 0.381818 1.124937 0.353293 0.341356 0.221698
 315.000000 0.485179 0.407210 1.839132 0.361813 0.816897 0.183075
 316.000000 0.471095 0.381112 0.693595 0.375595 0.624451 0.142920
 317.000000 0.467396 0.369886 0.514523 0.345006 0.221177 0.179557
 318.000000 0.446839 0.383518 0.751642 0.355783 0.425190 0.199961
 319.000000 0.460585 0.375436 0.601650 0.354534 0.411619 0.140070
 320.000000 0.483021 0.378127 0.628116 0.360879 0.623860 0.150859
 321.000000 0.427774 0.399256 1.312921 0.373556 0.771046 0.196460
 322.000000 0.490691 0.380447 0.720940 0.366431 0.614577 0.141391
 323.000000 0.460521 0.393464 1.127164 0.378312 0.767951 0.148042
 324.000000 0.428634 0.400125 1.297509 0.382813 0.893090 0.131401
 325.000000 0.414528 0.383676 0.715973 0.380343 0.731033 0.141317
 326.000000 0.471526 0.384886 0.868946 0.371767 0.876537 0.141137
 327.000000 0.428209 0.390872 0.969841 0.337603 0.233040 0.150696
 328.000000 0.453892 0.389542 0.931015 0.350048 0.421410 0.114378
 329.000000 0.503435 0.383500 0.985560 0.346258 0.298629 0.158738
 330.000000 0.473229 0.380624 0.664204 0.362704 0.494837 0.163898
 331.000000 0.473584 0.388747 1.080808 0.399710 2.233157 0.176120
 332.000000 0.481509 0.406408 1.750607 0.416862 2.901358 0.145712
 333.000000 0.469438 0.396707 1.217715 0.369696 0.609382 0.125478
 334.000000 0.481815 0.378375 0.715691 0.351595 0.276809 0.222490
 335.000000 0.517650 0.384331 0.913823 0.338717 0.186521 0.130080
 336.000000 0.531769 0.381613 0.930196 0.349444 0.315637 0.184389
 337.000000 0.486457 0.407136 1.879746 0.394344 1.801981 0.137298
 338.000000 0.495822 0.383718 1.034784 0.345059 0.490639 0.125474
 339.000000 0.483559 0.384909 1.321276 0.367531 0.894376 0.172233
 340.000000 0.494638 0.394773 1.328474 0.365276 0.892962 0.164811
 341.000000 0.441097 0.386295 0.896998 0.362259 0.468472 0.131513
 342.000000 0.466864 0.368213 0.487049 0.345137 0.318086 0.207103
 343.000000 0.446892 0.387191 0.940243 0.374085 0.901392 0.169084
 344.000000 0.462574 0.388443 0.910465 0.365920 0.714251 0.201945
 345.000000 0.444293 0.360693 0.360151 0.347359 0.290455 0.177717
 346.000000 0.484225 0.353436 0.308555 0.335838 0.289994 0.154756
 347.000000 0.471571 0.367817 0.461251 0.349402 0.316031 0.115315
 348.000000 0.468068 0.385688 0.843211 0.350247 0.302108 0.196203
 349.000000 0.518581 0.359491 0.517881 0.333177 0.218142 0.177151
 350.000000 0.570219 0.408435 2.318326 0.348318 0.370595 0.169451
 351.000000 0.448204 0.389400 0.946261 0.371985 0.876423 0.138838
 352.000000 0.480013 0.389551 0.891211 0.376869 0.874221 0.161435
 353.000000 0.500216 0.382544 0.830930 0.346913 0.332816 0.143598
 354.000000 0.476966 0.368064 0.486667 0.352409 0.326034 0.187983
 355.000000 0.452299 0.364319 0.401361 0.366284 0.498530 0.169166
 356.000000 0.467916 0.379998 0.756342 0.346431 0.317384 0.162069
 357.000000 0.471846 0.378120 0.717311 0.346401 0.313571 0.120215
 358.000000 0.489661 0.362120 0.450376 0.334832 0.215970 0.195354
 359.000000 0.517643 0.373620 0.586507 0.350318 0.373033 0.191549
 360.000000 0.462909 0.376928 0.652807 0.356190 0.414253 0.172799
 361.000000 0.485161 0.387724 1.021503 0.363797 0.520302 0.201466
 362.000000 0.473793 0.388526 0.847704 0.383214 1.035001 0.161523
 363.000000 0.471692 0.366130 0.428014 0.355412 0.400248 0.124397
 364.000000 0.512081 0.362184 0.405107 0.346239 0.317492 0.137796
 365.000000 0.485216 0.388844 1.048659 0.351071 0.328865 0.140929
 366.000000 0.530819 0.390009 1.348791 0.337331 0.320484 0.162890
 367.000000 0.534394 0.374861 0.997482 0.338846 0.423390 0.178988
 368.000000 0.499832 0.393537 1.393047 0.342565 0.422575 0.188828
 369.000000 0.509100 0.378489 0.799855 0.334101 0.201759 0.123171
 370.000000 0.506150 0.403907 2.071257 0.366951 0.719177 0.234021
 371.000000 0.486979 0.393822 1.009443 0.344040 0.303386 0.145016
 372.000000 0.479448 0.394551 1.063598 0.365095 0.654651 0.166668
 373.000000 0.453856 0.390189 0.917164 0.367795 0.780722 0.158018
 374.000000 0.450249 0.399058 1.280622 0.372841 1.031280 0.201184
 375.000000 0.446165 0.401392 1.279957 0.393873 1.522229 0.164977
 376.000000 0.485333 0.394672 1.405251 0.359555 0.473352 0.139604
 377.000000 0.452618 0.417600 2.489117 0.388453 1.049829 0.215920
 378.000000 0.463722 0.414686 2.100106 0.397081 1.295714 0.162072
 379.000000 0.488619 0.399417 1.689856 0.388273 1.508239 0.159951
 380.000000 0.432665 0.383091 0.763842 0.374005 0.665938 0.162684
 381.000000 0.494708 0.393735 1.175777 0.366320 0.767993 0.228481
 382.000000 0.466854 0.387839 0.859026 0.355027 0.371832 0.185153
 383.000000 0.456175 0.429878 3.026314 0.383980 1.292582 0.140393
 384.000000 0.476373 0.405955 1.696871 0.416247 2.690431 0.230146
 385.000000 0.470822 0.407110 1.917040 0.411798 2.599082 0.211255
 386.000000 0.488392 0.415768 2.425285 0.400336 2.291875 0.185493
 387.000000 0.454213 0.417791 2.352631 0.413244 2.515341 0.199327
 388.000000 0.482317 0.421787 2.569717 0.401518 1.980053 0.251874
 389.000000 0.467640 0.402983 1.429591 0.398887 2.116011 0.206704
 390.000000 0.487934 0.370554 0.491991 0.374728 1.079136 0.178549
 391.000000 0.468161 0.400555 1.351816 0.385444 1.092500 0.141285
 392.000000 0.488622 0.393412 1.087100 0.369348 0.670804 0.137144
 393.000000 0.521500 0.368854 0.475371 0.328075 0.225328 0.168391
 394.000000 0.491533 0.377488 0.885463 0.363157 0.753568 0.170583
 395.000000 0.484576 0.381930 0.792672 0.358564 0.482761 0.214872
 396.000000 0.468168 0.397459 1.282663 0.369511 0.990345 0.163174
 397.000000 0.470445 0.395761 1.315532 0.365916 0.909333 0.159858
 398.000000 0.472496 0.377749 0.668196 0.339610 0.244507 0.163636
 399.000000 0.498812 0.394900 1.137973 0.343562 0.308392 0.154114
 400.000000 0.507485 0.415635 2.251492 0.346148 0.308675 0.147967
 401.000000 0.460426 0.390786 0.968200 0.360591 0.411012 0.151088
 402.000000 0.454946 0.391300 1.009557 0.368205 0.688150 0.121851
 403.000000 0.464280 0.398100 1.334449 0.370022 1.017218 0.097328
 404.000000 0.457806 0.408493 1.602975 0.361591 0.440710 0.152407
 405.000000 0.460492 0.403143 1.359002 0.376783 0.831629 0.113991
 406.000000 0.497821 0.415974 2.193843 0.363745 0.559651 0.202495
 407.000000 0.436494 0.409354 1.969278 0.360836 0.434201 0.159243
 408.000000 0.462714 0.377065 0.615908 0.347450 0.337706 0.145908
 409.000000 0.468900 0.378088 0.705751 0.357946 0.575122 0.150480
 410.000000 0.449457 0.385234 0.760369 0.368185 0.654010 0.151485
 411.000000 0.460504 0.397326 1.416422 0.377250 0.933886 0.128312
 412.000000 0.492974 0.382590 0.894447 0.356507 0.518034 0.191381
 413.000000 0.543222 0.357031 0.449101 0.344207 0.308909 0.101866
 414.000000 0.473345 0.384864 0.879511 0.376289 0.845958 0.167716
 415.000000 0.464882 0.397311 1.252714 0.371250 0.923769 0.221434
 416.000000 0.454340 0.379894 0.665378 0.374689 0.855528 0.142921
 417.000000 0.472711 0.400311 1.224245 0.377443 1.033969 0.159868
 418.000000 0.459777 0.386602 0.879225 0.387872 1.222479 0.201720
 419.000000 0.481678 0.381986 0.693419 0.365022 0.932018 0.199311
 420.000000 0.480540 0.369000 0.537092 0.351587 0.411130 0.171192
 421.000000 0.478212 0.380325 0.719181 0.363196 0.697340 0.169783
 422.000000 0.508381 0.389211 1.102561 0.372249 0.903925 0.178791
 423.000000 0.519027 0.381779 0.991779 0.367385 1.258505 0.137772
 424.000000 0.514978 0.403971 1.382615 0.374327 1.215047 0.159690
 425.000000 0.499536 0.403980 1.512109 0.376110 1.061219 0.203349
 426.000000 0.497522 0.394685 1.208586 0.367182 1.206844 0.221981
 427.000000 0.500605 0.381733 0.855327 0.349974 0.545898 0.159894
 428.000000 0.509017 0.409373 2.128833 0.366204 0.794053 0.251887
 429.000000 0.510777 0.423107 2.764252 0.370333 0.670359 0.176589
 430.000000 0.484440 0.426307 2.737277 0.359431 0.548329 0.243485
 431.000000 0.496524 0.418489 2.403006 0.368996 0.621456 0.198517
 432.000000 0.439113 0.395846 0.989765 0.372209 0.650005 0.185722
 433.000000 0.454799 0.413152 1.744492 0.384556 1.026146 0.160470
 434.000000 0.495331 0.379076 0.776887 0.340050 0.271810 0.181585
 435.000000 0.435757 0.378682 0.652619 0.359451 0.517427 0.202481
 436.000000 0.479805 0.364418 0.535446 0.348285 0.278618 0.167544
 437.000000 0.434005 0.381529 0.699369 0.344314 0.289770 0.146225
 438.000000 0.462189 0.378057 0.784334 0.346159 0.282285 0.217673
 439.000000 0.470523 0.414121 1.894432 0.361824 0.528379 0.156979
 440.000000 0.436141 0.381785 0.760043 0.357656 0.850852 0.144004
 441.000000 0.460068 0.392282 1.137150 0.341727 0.276891 0.184542
 442.000000 0.476369 0.384810 0.734707 0.345468 0.292673 0.135218
 443.000000 0.471472 0.396953 1.247897 0.367491 1.135477 0.122401
 444.000000 0.462376 0.384454 0.902980 0.373532 0.688622 0.178685
 445.000000 0.425290 0.398444 1.119425 0.364536 0.577236 0.151789
 446.000000 0.442231 0.381136 0.768041 0.357869 0.606311 0.163200
 447.000000 0.481870 0.365342 0.422928 0.337171 0.243546 0.148757
 448.000000 0.467973 0.386023 0.808320 0.345531 0.431848 0.113594
 449.000000 0.473665 0.377083 0.590224 0.365940 0.680322 0.123027
 450.000000 0.471215 0.387825 1.023177 0.370961 0.761012 0.127151
