#! FIELDS time vol refcv.mean refcv.morethan refcv2.mean refcv2.morethan q6.vmean
 0.000000 0.512821 0.597882 14.235581 0.475998 6.717456 0.376857
 1.000000 0.573214 0.602515 14.380449 0.442324 4.783165 0.456077
 2.000000 0.544226 0.602139 14.401331 0.500313 7.796663 0.413186
 3.000000 0.560936 0.619466 14.840205 0.492724 7.761783 0.470795
 4.000000 0.543880 0.613519 14.652416 0.499516 8.079506 0.457755
 5.000000 0.522715 0.600187 14.319124 0.495535 7.401646 0.400386
 6.000000 0.532182 0.598374 14.256951 0.452155 5.158592 0.393417
 7.000000 0.536415 0.608056 14.571665 0.487905 6.984124 0.440227
 8.000000 0.522845 0.608597 14.603886 0.481710 6.849048 0.437465
 9.000000 0.550350 0.616610 14.746108 0.530202 9.276438 0.458751
 10.000000 0.519208 0.604144 14.418774 0.474832 6.741127 0.423374
 11.000000 0.523298 0.634362 15.126505 0.514160 8.532313 0.485048
 12.000000 0.532589 0.587552 13.900719 0.477623 6.776767 0.375068
 13.000000 0.506772 0.599688 14.323140 0.497529 7.642018 0.420975
 14.000000 0.540057 0.595817 14.216647 0.473334 6.701946 0.401734
 15.000000 0.525115 0.617483 14.790069 0.481840 7.273176 0.438321
 16.000000 0.516474 0.597982 14.298151 0.498286 7.127480 0.382270
 17.000000 0.524686 0.596031 14.214376 0.494091 7.651432 0.363240
 18.000000 0.522018 0.579674 13.563099 0.490001 7.643775 0.388114
 19.000000 0.549063 0.611478 14.642183 0.492516 7.358195 0.431655
 20.000000 0.509792 0.585106 13.796639 0.463603 6.359052 0.385864
 21.000000 0.536676 0.616616 14.763785 0.477663 6.522861 0.463032
 22.000000 0.536457 0.594272 14.119716 0.455222 5.783129 0.423100
 23.000000 0.535812 0.592126 14.092762 0.480467 6.436120 0.391318
 24.000000 0.542738 0.621689 14.889412 0.527333 8.846684 0.466118
 25.000000 0.529244 0.577727 13.398020 0.442139 4.693433 0.379528
 26.000000 0.530494 0.611629 14.676080 0.501548 7.795647 0.447804
 27.000000 0.516106 0.588122 13.953547 0.492609 7.495227 0.386877
 28.000000 0.541052 0.626852 15.000778 0.524742 9.038940 0.463812
 29.000000 0.534315 0.591115 13.853697 0.477487 6.439747 0.417753
 30.000000 0.525450 0.588950 13.966659 0.488156 7.646900 0.375064
 31.000000 0.547113 0.622256 14.893879 0.479472 7.133813 0.487062
 32.000000 0.523275 0.575784 13.307875 0.459742 5.710725 0.363256
 33.000000 0.530363 0.612269 14.635207 0.489387 6.816803 0.426402
 34.000000 0.532578 0.575022 13.357896 0.451849 5.470401 0.351030
 35.000000 0.524593 0.583420 13.669566 0.484850 7.108889 0.378362
 36.000000 0.524574 0.586232 13.875621 0.473800 6.802235 0.388798
 37.000000 0.548946 0.587171 13.911776 0.476420 6.499592 0.343820
 38.000000 0.523322 0.615984 14.733963 0.515037 7.863316 0.434827
 39.000000 0.540377 0.590893 13.991226 0.462883 6.208554 0.417979
 40.000000 0.544540 0.628868 15.032356 0.452088 5.595617 0.478286
 41.000000 0.506575 0.578129 13.536641 0.492748 7.600974 0.336584
 42.000000 0.527043 0.620496 14.869136 0.495366 8.042855 0.460612
 43.000000 0.541775 0.615314 14.750595 0.491853 6.909437 0.440984
 44.000000 0.526357 0.618988 14.835449 0.496704 7.571403 0.469763
 45.000000 0.521138 0.567260 12.999211 0.456923 5.690120 0.325733
 46.000000 0.540053 0.616966 14.792511 0.493183 7.376749 0.445463
 47.000000 0.534586 0.602253 14.298845 0.485480 7.296310 0.410307
 48.000000 0.519110 0.610978 14.632143 0.477536 6.641300 0.435420
 49.000000 0.539247 0.601098 14.369391 0.479874 6.804543 0.420358
 50.000000 0.517224 0.580504 13.535692 0.470324 6.129160 0.364081
 51.000000 0.535664 0.630400 15.061603 0.511422 8.236390 0.478137
 52.000000 0.529471 0.606281 14.407805 0.483742 6.750935 0.421035
 53.000000 0.524954 0.596935 14.155798 0.513386 8.737508 0.392580
 54.000000 0.533000 0.561271 12.573632 0.425141 3.433752 0.335229
 55.000000 0.536996 0.606723 14.528836 0.484768 7.240244 0.439688
 56.000000 0.542722 0.600277 14.359438 0.464582 6.451689 0.428862
 57.000000 0.523707 0.594052 14.028787 0.458259 5.714122 0.401106
 58.000000 0.551140 0.580364 13.593821 0.459757 5.906077 0.384173
 59.000000 0.540941 0.604828 14.475724 0.491196 7.301698 0.402058
 60.000000 0.547463 0.606962 14.554153 0.476548 7.068129 0.471512
 61.000000 0.524875 0.622045 14.902968 0.502695 7.750510 0.470358
 62.000000 0.544550 0.625740 14.968450 0.485161 7.652874 0.470187
 63.000000 0.533318 0.627706 15.014300 0.496519 7.676024 0.474464
 64.000000 0.526457 0.615689 14.747782 0.501017 7.713094 0.441370
 65.000000 0.531696 0.579675 13.582116 0.476392 6.761328 0.378750
 66.000000 0.522569 0.626114 14.983347 0.497132 7.465125 0.469347
 67.000000 0.531236 0.610093 14.628732 0.489465 7.591896 0.423146
 68.000000 0.539053 0.617564 14.797862 0.457213 5.615915 0.475887
 69.000000 0.511663 0.552888 12.171921 0.432646 4.374362 0.306489
 70.000000 0.528108 0.603106 14.377545 0.475281 6.115358 0.411069
 71.000000 0.520493 0.596258 14.239593 0.488166 7.024871 0.405111
 72.000000 0.527988 0.609326 14.598237 0.486385 7.131672 0.435320
 73.000000 0.528637 0.578840 13.572150 0.447692 4.962499 0.363345
 74.000000 0.537691 0.592227 13.974958 0.461651 5.880027 0.416978
 75.000000 0.532273 0.610262 14.642611 0.514983 8.613167 0.436112
 76.000000 0.519923 0.575737 13.431684 0.475773 6.740118 0.362231
 77.000000 0.523280 0.574639 13.335948 0.458253 5.711720 0.369070
 78.000000 0.532431 0.626783 14.992540 0.501730 7.413634 0.483163
 79.000000 0.532831 0.611844 14.638099 0.477608 6.734848 0.441659
 80.000000 0.517609 0.599500 14.328258 0.488185 7.237093 0.400542
 81.000000 0.533384 0.608602 14.565895 0.504890 8.033152 0.461077
 82.000000 0.523774 0.608239 14.600812 0.530202 9.387686 0.420273
 83.000000 0.522466 0.635159 15.136129 0.476093 7.027672 0.496007
 84.000000 0.541552 0.596017 14.224099 0.488182 7.147235 0.420347
 85.000000 0.510321 0.606410 14.503268 0.484511 6.843488 0.383419
 86.000000 0.527798 0.611557 14.622984 0.518226 8.927523 0.453042
 87.000000 0.545717 0.580994 13.610601 0.484487 6.992110 0.364289
 88.000000 0.542243 0.592078 14.049210 0.503491 8.029976 0.405915
 89.000000 0.556157 0.607008 14.492800 0.500915 8.160702 0.456211
 90.000000 0.524304 0.625790 14.972578 0.479528 6.625016 0.464306
 91.000000 0.509555 0.613630 14.673773 0.515883 8.543314 0.425026
 92.000000 0.544001 0.616979 14.766781 0.498123 7.993743 0.467777
 93.000000 0.513122 0.597787 14.296563 0.469070 6.406906 0.415691
 94.000000 0.524394 0.588947 13.904996 0.460553 5.715928 0.375327
 95.000000 0.546055 0.609923 14.601511 0.485544 6.949575 0.448558
 96.000000 0.523315 0.561104 12.680284 0.460571 5.687917 0.304916
 97.000000 0.576354 0.594691 14.194482 0.473434 6.522949 0.429819
 98.000000 0.508824 0.596852 14.230782 0.470080 6.735686 0.394068
 99.000000 0.552216 0.586814 13.864309 0.479658 6.895677 0.396988
 100.000000 0.548928 0.609445 14.595498 0.492167 7.566271 0.446727
 101.000000 0.548665 0.597191 14.093218 0.486265 7.161196 0.412549
 102.000000 0.539448 0.610896 14.643338 0.476649 6.991928 0.429217
 103.000000 0.512218 0.605400 14.474632 0.501033 7.831716 0.408654
 104.000000 0.540581 0.607935 14.512398 0.517948 8.457566 0.436429
 105.000000 0.539064 0.600090 14.292123 0.441370 4.982135 0.403973
 106.000000 0.513739 0.578702 13.591130 0.470360 5.910327 0.395486
 107.000000 0.517005 0.581381 13.544861 0.477199 6.700337 0.338425
 108.000000 0.531334 0.583201 13.745404 0.484990 7.238687 0.387854
 109.000000 0.516182 0.605224 14.497980 0.495322 7.650312 0.409386
 110.000000 0.536080 0.570852 13.187596 0.480638 6.976063 0.390666
 111.000000 0.520970 0.594577 14.183127 0.481302 6.926376 0.391696
 112.000000 0.519653 0.605301 14.518666 0.497055 7.786982 0.428945
 113.000000 0.549894 0.605523 14.508618 0.464250 6.081808 0.438714
 114.000000 0.490616 0.572740 13.331196 0.478226 6.847029 0.364467
 115.000000 0.550366 0.599314 14.269435 0.505030 8.244240 0.384555
 116.000000 0.521349 0.597245 14.277598 0.481330 7.013810 0.407100
 117.000000 0.566304 0.597963 14.176599 0.446845 5.245240 0.443518
 118.000000 0.516720 0.602742 14.385052 0.474418 6.478068 0.371472
 119.000000 0.536325 0.597317 14.221463 0.488304 6.873338 0.413793
 120.000000 0.531512 0.569638 13.026852 0.478604 6.492399 0.340967
 121.000000 0.527632 0.605108 14.448223 0.519711 8.426328 0.426180
 122.000000 0.552423 0.613760 14.685010 0.494943 7.675662 0.455898
 123.000000 0.505489 0.586412 13.835523 0.458899 5.765994 0.408759
 124.000000 0.543542 0.601177 14.384398 0.504881 8.002027 0.382922
 125.000000 0.505551 0.548783 11.956050 0.438750 4.545234 0.330035
 126.000000 0.553346 0.604497 14.451344 0.485422 6.855430 0.410296
 127.000000 0.517496 0.559782 12.456210 0.467156 6.014862 0.338012
 128.000000 0.570152 0.586347 13.824696 0.480546 6.833949 0.393282
 129.000000 0.512181 0.594868 14.134365 0.504986 7.912819 0.398373
 130.000000 0.551047 0.623370 14.919160 0.515043 8.684490 0.488419
 131.000000 0.545484 0.608841 14.550014 0.470529 6.577430 0.406885
 132.000000 0.532515 0.631117 15.071678 0.506453 8.058815 0.494687
 133.000000 0.547830 0.623172 14.922818 0.519418 8.608183 0.459126
 134.000000 0.518227 0.536601 11.024224 0.439693 4.564620 0.298831
 135.000000 0.536282 0.621914 14.897958 0.484354 6.645041 0.482161
 136.000000 0.532157 0.569725 13.167256 0.469282 5.963552 0.350381
 137.000000 0.519891 0.510979 9.106430 0.420084 3.583800 0.316356
 138.000000 0.522745 0.580974 13.660585 0.449086 4.947605 0.340623
 139.000000 0.548471 0.609213 14.594613 0.469775 6.149462 0.424404
 140.000000 0.509257 0.611429 14.639372 0.512910 8.407092 0.443253
 141.000000 0.551329 0.610131 14.615869 0.505850 8.320557 0.416564
 142.000000 0.536148 0.594243 14.159856 0.477640 7.072733 0.393742
 143.000000 0.524036 0.575253 13.320974 0.483897 6.858279 0.362204
 144.000000 0.528025 0.586661 13.898191 0.474091 6.613583 0.392946
 145.000000 0.520640 0.617645 14.780348 0.507056 8.175819 0.448654
 146.000000 0.543710 0.618867 14.821941 0.534387 9.150816 0.454836
 147.000000 0.524188 0.570369 13.086109 0.459929 5.719956 0.341720
 148.000000 0.531246 0.599279 14.278790 0.476224 6.725769 0.432939
 149.000000 0.534582 0.599880 14.303371 0.494847 7.539800 0.389548
 150.000000 0.536705 0.597679 14.206910 0.482587 6.932022 0.404254
 151.000000 0.531268 0.603724 14.449975 0.492511 7.650140 0.408869
 152.000000 0.549262 0.599342 14.261843 0.466281 5.759364 0.434324
 153.000000 0.499558 0.564613 12.764264 0.454383 4.950807 0.349933
 154.000000 0.529019 0.609446 14.614720 0.476210 6.793341 0.435135
 155.000000 0.515997 0.575097 13.262452 0.467630 6.369634 0.370390
 156.000000 0.545840 0.611442 14.619769 0.489692 7.524617 0.418502
 157.000000 0.543012 0.570481 13.162058 0.485359 7.333797 0.332883
 158.000000 0.513008 0.625445 14.963095 0.477183 6.705690 0.469406
 159.000000 0.532246 0.612686 14.655826 0.449444 5.795363 0.434533
 160.000000 0.525635 0.592775 14.081825 0.477823 6.699452 0.405560
 161.000000 0.538912 0.605140 14.485636 0.477082 6.864851 0.421477
 162.000000 0.519971 0.588837 13.988870 0.493474 7.711440 0.362593
 163.000000 0.535845 0.601094 14.352964 0.480272 6.672604 0.388356
 164.000000 0.524351 0.579013 13.509557 0.486495 6.820601 0.350224
 165.000000 0.542620 0.612591 14.662173 0.509350 8.016540 0.446084
 166.000000 0.519309 0.561390 12.522869 0.442197 5.266269 0.334947
 167.000000 0.511197 0.580450 13.462251 0.493834 7.328507 0.347191
 168.000000 0.538931 0.585006 13.786752 0.455203 5.389568 0.369095
 169.000000 0.521659 0.586289 13.855115 0.456363 5.451090 0.359403
 170.000000 0.544055 0.584740 13.663210 0.490186 7.290909 0.372675
 171.000000 0.515458 0.603413 14.362663 0.466033 6.331999 0.409949
 172.000000 0.543383 0.588290 13.817972 0.450660 5.036473 0.351791
 173.000000 0.511281 0.594796 14.078679 0.449900 5.029812 0.379639
 174.000000 0.537762 0.606098 14.497835 0.484849 7.522422 0.415417
 175.000000 0.542295 0.593501 14.063804 0.510380 8.421627 0.395748
 176.000000 0.533774 0.570121 13.210190 0.479537 6.846727 0.374563
 177.000000 0.552147 0.576250 13.473760 0.451276 5.758001 0.396076
 178.000000 0.534602 0.602071 14.377230 0.509350 8.050756 0.408563
 179.000000 0.527997 0.613278 14.699501 0.482368 7.036121 0.441723
 180.000000 0.532910 0.624655 14.954181 0.467872 6.369648 0.460740
 181.000000 0.535913 0.594924 14.191571 0.495645 7.578757 0.393309
 182.000000 0.520756 0.602343 14.383338 0.483711 7.132669 0.409425
 183.000000 0.535420 0.602146 14.423921 0.472000 6.692708 0.415677
 184.000000 0.546250 0.621301 14.881749 0.490625 7.909849 0.457966
 185.000000 0.540797 0.606599 14.539054 0.489699 7.171118 0.415671
 186.000000 0.558569 0.621476 14.870436 0.492419 7.826248 0.464209
 187.000000 0.544760 0.594215 14.127108 0.469059 6.359606 0.398347
 188.000000 0.547596 0.594612 14.163141 0.460284 5.767583 0.406891
 189.000000 0.538884 0.595556 14.076895 0.483758 7.239025 0.390961
 190.000000 0.537918 0.602703 14.427180 0.475781 6.546086 0.416844
 191.000000 0.507844 0.597820 14.161798 0.478687 6.832630 0.389774
 192.000000 0.541211 0.569182 12.899866 0.451348 5.186905 0.344372
 193.000000 0.505848 0.610670 14.646651 0.480681 6.778008 0.423172
 194.000000 0.557654 0.611161 14.654521 0.452824 5.503601 0.470833
 195.000000 0.529753 0.601158 14.303337 0.491609 7.676762 0.386728
 196.000000 0.560030 0.597706 14.283679 0.493557 7.793660 0.420135
 197.000000 0.533115 0.572074 13.184808 0.485983 7.142449 0.328195
 198.000000 0.537216 0.625005 14.961730 0.526413 9.027074 0.474984
 199.000000 0.549668 0.582562 13.751190 0.435440 4.560477 0.380849
 200.000000 0.509649 0.601801 14.347820 0.492687 7.903223 0.396891
 201.000000 0.535829 0.587961 13.865626 0.471340 6.071620 0.382003
 202.000000 0.521341 0.590441 13.952167 0.452334 5.491127 0.378478
 203.000000 0.548071 0.573044 13.287982 0.461174 5.786073 0.346618
 204.000000 0.515527 0.595971 14.161198 0.487815 7.289698 0.371371
 205.000000 0.522980 0.612832 14.704127 0.527528 9.251806 0.428557
 206.000000 0.522190 0.618756 14.831159 0.485936 6.866177 0.452775
 207.000000 0.526185 0.590528 14.021790 0.455842 5.522361 0.396959
 208.000000 0.537757 0.610564 14.627555 0.503141 7.877080 0.437371
 209.000000 0.513261 0.580399 13.439532 0.498301 7.670362 0.338844
 210.000000 0.504435 0.551586 11.990335 0.464840 5.509168 0.339137
 211.000000 0.537459 0.606431 14.473845 0.483492 7.012828 0.439697
 212.000000 0.537844 0.606268 14.441864 0.492744 7.412214 0.441632
 213.000000 0.532071 0.608827 14.548640 0.505124 7.946687 0.430419
 214.000000 0.521443 0.566995 12.978911 0.457195 5.735527 0.320135
 215.000000 0.532239 0.599134 14.303927 0.475789 6.305797 0.430454
 216.000000 0.527031 0.558474 12.192019 0.444750 4.869461 0.311367
 217.000000 0.528333 0.596159 14.187873 0.476690 6.745931 0.385974
 218.000000 0.540265 0.609323 14.575755 0.503090 7.914552 0.444618
 219.000000 0.544705 0.580602 13.625944 0.470887 6.266442 0.364669
 220.000000 0.519764 0.620100 14.863982 0.484403 7.114238 0.446935
 221.000000 0.546738 0.622134 14.906378 0.507174 8.638410 0.472268
 222.000000 0.499200 0.550243 11.962586 0.458647 5.661509 0.361060
 223.000000 0.550621 0.570245 13.166774 0.442430 4.639991 0.310012
 224.000000 0.531163 0.583325 13.573926 0.467252 6.227550 0.358951
 225.000000 0.545815 0.605754 14.436486 0.483585 7.197541 0.417894
 226.000000 0.521639 0.605250 14.411094 0.461331 5.755539 0.409467
 227.000000 0.525240 0.575848 13.457290 0.499965 7.756069 0.373756
 228.000000 0.519987 0.616497 14.783394 0.499439 7.671104 0.418766
 229.000000 0.522839 0.609331 14.583051 0.476131 6.807085 0.441841
 230.000000 0.505197 0.618087 14.813772 0.527800 9.082544 0.452325
 231.000000 0.550700 0.602760 14.402705 0.472267 6.755542 0.405928
 232.000000 0.516412 0.638379 15.186741 0.495000 7.905964 0.499854
 233.000000 0.521488 0.609841 14.587884 0.493661 7.300574 0.417494
 234.000000 0.562943 0.621109 14.879219 0.519470 8.603522 0.470611
 235.000000 0.501091 0.597910 14.275715 0.473276 6.398677 0.389555
 236.000000 0.542361 0.621536 14.887174 0.505574 8.228912 0.466950
 237.000000 0.521632 0.623078 14.921515 0.507423 8.152810 0.459189
 238.000000 0.538984 0.622563 14.913261 0.485609 7.127830 0.446933
 239.000000 0.520513 0.601956 14.315297 0.521427 8.548420 0.413404
 240.000000 0.555399 0.591959 14.070066 0.460486 6.103368 0.377295
 241.000000 0.521062 0.607227 14.542464 0.485356 7.029526 0.389314
 242.000000 0.526335 0.599597 14.342534 0.454126 5.572147 0.422666
 243.000000 0.534009 0.598577 14.312195 0.497874 7.769558 0.416125
 244.000000 0.539942 0.598515 14.257776 0.484785 7.130336 0.386269
 245.000000 0.519788 0.616796 14.781990 0.504580 8.212367 0.432594
 246.000000 0.547431 0.618373 14.832800 0.495732 8.048380 0.466225
 247.000000 0.522038 0.613637 14.693348 0.489656 7.173709 0.417510
 248.000000 0.517933 0.602068 14.346851 0.514989 8.609196 0.380358
 249.000000 0.538409 0.582905 13.499914 0.482840 6.658931 0.367512
 250.000000 0.477847 0.548545 11.981437 0.454815 5.325628 0.256118
 251.000000 0.521012 0.607673 14.524570 0.481938 7.294382 0.429298
 252.000000 0.544228 0.590658 13.934674 0.467308 6.201819 0.373822
 253.000000 0.531774 0.610315 14.549606 0.518099 8.677321 0.443313
 254.000000 0.545656 0.596389 14.150536 0.483221 6.823563 0.416453
 255.000000 0.517028 0.590054 13.959570 0.491883 7.067165 0.345683
 256.000000 0.541500 0.611602 14.677275 0.503994 7.763511 0.441163
 257.000000 0.558571 0.615862 14.756027 0.476113 6.822263 0.454912
 258.000000 0.528443 0.621883 14.866813 0.456504 5.962580 0.470065
 259.000000 0.548940 0.600795 14.347562 0.476716 6.569489 0.406885
 260.000000 0.521486 0.611151 14.660222 0.530310 9.412168 0.430534
 261.000000 0.530602 0.584373 13.755955 0.471159 5.981827 0.355965
 262.000000 0.512573 0.597912 14.218491 0.488689 6.880200 0.372765
 263.000000 0.513767 0.591424 14.072893 0.491607 7.982954 0.367585
 264.000000 0.519012 0.619574 14.843222 0.498324 8.032981 0.462240
 265.000000 0.548264 0.589159 13.919921 0.451869 5.185020 0.373500
 266.000000 0.514643 0.610565 14.648851 0.484635 7.109448 0.428979
 267.000000 0.551420 0.596954 14.249701 0.466714 6.502552 0.402232
 268.000000 0.506553 0.577989 13.481921 0.471474 6.047304 0.331190
 269.000000 0.534087 0.596506 14.221801 0.484463 6.455791 0.405529
 270.000000 0.519924 0.622200 14.894852 0.504031 7.758588 0.427403
 271.000000 0.554096 0.608404 14.512159 0.493670 7.567027 0.441692
 272.000000 0.524742 0.608946 14.590433 0.483318 7.193252 0.398041
 273.000000 0.560360 0.602757 14.437939 0.461790 5.631199 0.432724
 274.000000 0.536336 0.606993 14.497172 0.495811 7.380970 0.426233
 275.000000 0.546939 0.613655 14.714270 0.501593 8.103502 0.443826
 276.000000 0.540206 0.605917 14.530182 0.473695 6.308038 0.433208
 277.000000 0.530681 0.604918 14.467722 0.489873 7.352440 0.389843
 278.000000 0.546626 0.608124 14.534161 0.501431 7.869688 0.447734
 279.000000 0.523497 0.552913 12.105765 0.454570 5.387865 0.356401
 280.000000 0.544542 0.579007 13.427073 0.486868 7.035068 0.381416
 281.000000 0.519325 0.603150 14.427008 0.500624 7.974342 0.408652
 282.000000 0.555439 0.578573 13.537314 0.472570 6.773683 0.409040
 283.000000 0.526332 0.594498 14.145865 0.486327 7.070317 0.399996
 284.000000 0.544134 0.610310 14.620041 0.516004 8.415119 0.427709
 285.000000 0.534908 0.614965 14.740914 0.503700 8.322800 0.458788
 286.000000 0.533672 0.611311 14.661204 0.482854 7.329178 0.447424
 287.000000 0.508590 0.586471 13.822547 0.475767 6.588743 0.364449
 288.000000 0.528926 0.600984 14.370574 0.505296 8.342627 0.407036
 289.000000 0.533543 0.616422 14.769300 0.513538 8.445708 0.450286
 290.000000 0.518153 0.581738 13.608524 0.471686 6.624077 0.404354
 291.000000 0.524360 0.614843 14.719476 0.492567 7.334594 0.457254
 292.000000 0.514906 0.553522 12.247609 0.459697 5.721332 0.337061
 293.000000 0.537179 0.577659 13.497838 0.464062 6.001641 0.378000
 294.000000 0.543438 0.601242 14.323083 0.482590 6.735835 0.418648
 295.000000 0.519592 0.570531 12.936814 0.476350 6.302649 0.314524
 296.000000 0.540965 0.602634 14.250420 0.469412 6.204632 0.426292
 297.000000 0.516408 0.555892 12.350697 0.476644 6.567515 0.301700
 298.000000 0.525713 0.618877 14.839368 0.504823 8.035408 0.457660
 299.000000 0.507927 0.552414 12.129147 0.466018 6.005995 0.286434
 300.000000 0.548770 0.588169 13.866455 0.464091 6.270986 0.354578
 301.000000 0.525858 0.598503 14.197899 0.465080 5.592435 0.396032
 302.000000 0.566864 0.607515 14.550759 0.529848 8.945362 0.437217
 303.000000 0.540180 0.604543 14.476487 0.475788 6.565064 0.414669
 304.000000 0.573851 0.605430 14.525816 0.460951 6.034194 0.459417
 305.000000 0.512199 0.620127 14.868239 0.485501 7.516818 0.437146
 306.000000 0.555466 0.572331 13.262658 0.471422 6.251049 0.357723
 307.000000 0.537508 0.600721 14.354262 0.504414 8.002565 0.404137
 308.000000 0.509253 0.569019 13.079580 0.465554 6.076878 0.347703
 309.000000 0.546787 0.599848 14.219986 0.497349 7.502667 0.403065
 310.000000 0.515855 0.561802 12.262327 0.458457 5.175691 0.325679
 311.000000 0.542399 0.616690 14.775908 0.498644 7.833642 0.458197
 312.000000 0.516465 0.627416 15.004125 0.481241 6.744160 0.480108
 313.000000 0.528829 0.600010 14.350106 0.483478 6.832331 0.425983
 314.000000 0.545659 0.601555 14.375628 0.473484 6.349702 0.395058
 315.000000 0.545700 0.591736 14.050130 0.490863 7.126235 0.411248
 316.000000 0.505781 0.601055 14.361500 0.519554 8.933528 0.379376
 317.000000 0.547026 0.594146 14.097830 0.463120 5.959682 0.402756
 318.000000 0.535758 0.614579 14.717417 0.494624 7.815756 0.440000
 319.000000 0.514438 0.572400 13.186901 0.484638 7.183447 0.308476
 320.000000 0.513207 0.603042 14.429401 0.460200 5.895216 0.416805
 321.000000 0.557505 0.592264 14.082463 0.481345 6.823551 0.379619
 322.000000 0.529398 0.590812 13.856126 0.502451 7.903075 0.396386
 323.000000 0.518065 0.579886 13.653607 0.489643 7.404125 0.384999
 324.000000 0.537580 0.596428 14.250187 0.490900 7.410187 0.407228
 325.000000 0.517231 0.596121 14.210558 0.488263 7.326894 0.407880
 326.000000 0.532928 0.618429 14.826500 0.505720 8.186951 0.461999
 327.000000 0.532167 0.579121 13.413295 0.466209 5.923419 0.343688
 328.000000 0.548462 0.611342 14.595226 0.470047 6.208548 0.454824
 329.000000 0.533505 0.601467 14.387577 0.510043 8.191476 0.411569
 330.000000 0.531750 0.600775 14.332122 0.465100 5.998149 0.407010
 331.000000 0.522233 0.607135 14.540290 0.514599 8.758238 0.413003
 332.000000 0.542496 0.602334 14.359162 0.468762 6.540598 0.394338
 333.000000 0.535986 0.615390 14.720967 0.501378 8.133792 0.439207
 334.000000 0.536233 0.603663 14.429189 0.497400 8.064993 0.410132
 335.000000 0.557728 0.620260 14.840624 0.477004 6.340096 0.463692
 336.000000 0.533350 0.606837 14.552895 0.497131 7.418310 0.441289
 337.000000 0.525236 0.614300 14.729361 0.488993 7.337388 0.412173
 338.000000 0.567703 0.604584 14.491295 0.478686 6.667365 0.435948
 339.000000 0.508778 0.604879 14.490679 0.488427 7.625722 0.410547
 340.000000 0.550177 0.589958 13.968371 0.503339 7.909029 0.381226
 341.000000 0.501912 0.610906 14.639723 0.473436 6.372833 0.466236
 342.000000 0.547108 0.601742 14.380204 0.497022 7.594502 0.427970
 343.000000 0.541896 0.601986 14.377037 0.488229 7.402346 0.408130
 344.000000 0.498398 0.589350 13.934387 0.486238 6.931623 0.363209
 345.000000 0.555608 0.617967 14.806522 0.506753 7.845140 0.477397
 346.000000 0.497678 0.602295 14.385378 0.460752 5.908584 0.417202
 347.000000 0.552893 0.580540 13.509468 0.467738 6.306953 0.389375
 348.000000 0.540710 0.606391 14.526416 0.463752 5.940751 0.403181
 349.000000 0.524413 0.600318 14.362515 0.465513 6.010901 0.401417
 350.000000 0.532417 0.597735 14.292809 0.465274 6.086734 0.372621
 351.000000 0.528686 0.579622 13.603991 0.443050 4.858977 0.362501
 352.000000 0.518404 0.612743 14.675623 0.517766 8.761354 0.442306
 353.000000 0.528899 0.614281 14.743289 0.488961 7.254157 0.430462
 354.000000 0.539227 0.619879 14.842008 0.493586 7.631765 0.485889
 355.000000 0.526123 0.603535 14.454752 0.510696 7.841237 0.406254
 356.000000 0.543706 0.623575 14.928166 0.513289 8.542401 0.475025
 357.000000 0.539261 0.615090 14.747266 0.452878 5.631089 0.467416
 358.000000 0.525445 0.594913 14.190912 0.476680 6.645316 0.389209
 359.000000 0.533264 0.620902 14.867361 0.470543 6.487983 0.464119
 360.000000 0.533391 0.604859 14.479366 0.502985 8.121583 0.421227
 361.000000 0.536192 0.592652 14.018279 0.481342 6.725626 0.371515
 362.000000 0.521868 0.582969 13.602252 0.471310 6.251709 0.377681
 363.000000 0.546819 0.608630 14.583762 0.440044 4.980632 0.399211
 364.000000 0.525081 0.609517 14.555812 0.495535 7.710377 0.437296
 365.000000 0.553024 0.606871 14.534214 0.495421 7.622457 0.433220
 366.000000 0.524273 0.588014 13.967578 0.439094 4.731803 0.354782
 367.000000 0.524920 0.602981 14.418786 0.482320 7.061061 0.429530
 368.000000 0.534751 0.601381 14.353618 0.468288 6.076928 0.401202
 369.000000 0.522443 0.607507 14.545378 0.497835 7.915480 0.426245
 370.000000 0.525820 0.589572 14.008849 0.458092 5.585364 0.384891
 371.000000 0.520185 0.592750 14.138402 0.460638 5.723612 0.383536
 372.000000 0.536295 0.612119 14.641470 0.452539 5.616332 0.449155
 373.000000 0.531857 0.612439 14.671726 0.486340 6.887008 0.429072
 374.000000 0.539637 0.600757 14.385864 0.482216 6.921729 0.428053
 375.000000 0.523644 0.606569 14.533195 0.461577 6.104507 0.435906
 376.000000 0.513952 0.576977 13.388293 0.479935 6.633388 0.341734
 377.000000 0.558694 0.595088 14.099886 0.491161 7.550409 0.408177
 378.000000 0.518149 0.607317 14.509984 0.469781 6.514573 0.431458
 379.000000 0.535575 0.590908 13.990984 0.497814 7.413858 0.370342
 380.000000 0.515582 0.611503 14.657167 0.490215 7.016472 0.433994
 381.000000 0.554404 0.563060 12.729279 0.447123 4.978539 0.344271
 382.000000 0.528808 0.620666 14.842276 0.509011 8.488235 0.483725
 383.000000 0.534609 0.573731 13.251443 0.474653 6.486443 0.340069
 384.000000 0.504832 0.594538 14.168198 0.463482 5.936801 0.370999
 385.000000 0.526402 0.617136 14.779849 0.480432 6.954295 0.455496
 386.000000 0.512422 0.625532 14.962632 0.534735 9.117712 0.466680
 387.000000 0.549590 0.624642 14.953734 0.483304 7.184715 0.460427
 388.000000 0.532535 0.610761 14.638814 0.478263 6.745922 0.445249
 389.000000 0.531415 0.620897 14.876218 0.528756 9.029724 0.464266
 390.000000 0.550537 0.620553 14.871059 0.502940 8.315946 0.476613
 391.000000 0.503147 0.619320 14.827602 0.493471 7.221336 0.452061
 392.000000 0.533408 0.596283 14.240458 0.487735 7.500810 0.430781
 393.000000 0.549384 0.608607 14.585581 0.485688 7.229525 0.438275
 394.000000 0.536198 0.601457 14.351699 0.487091 7.533116 0.434006
 395.000000 0.542688 0.621149 14.890462 0.489666 7.196364 0.448143
 396.000000 0.525547 0.619046 14.839935 0.484771 6.726570 0.463514
 397.000000 0.520579 0.614003 14.719198 0.478293 7.103876 0.434627
 398.000000 0.540489 0.606125 14.511213 0.495084 7.426600 0.421357
 399.000000 0.500748 0.614752 14.743709 0.483007 7.052525 0.455552
 400.000000 0.545156 0.592944 14.099454 0.473397 6.664836 0.377859
 401.000000 0.518459 0.609535 14.611983 0.525568 9.182177 0.430401
 402.000000 0.506152 0.564505 12.877723 0.493085 7.280061 0.319212
 403.000000 0.508388 0.558015 12.417695 0.471491 6.084371 0.339743
 404.000000 0.534173 0.609947 14.583185 0.529516 9.514471 0.436239
 405.000000 0.532462 0.604088 14.460210 0.474951 6.945498 0.401302
 406.000000 0.557383 0.584755 13.787463 0.509146 8.184873 0.381791
 407.000000 0.516824 0.602354 14.383669 0.504671 8.093529 0.419698
 408.000000 0.535123 0.565257 12.842613 0.452431 5.551570 0.371746
 409.000000 0.526327 0.612849 14.695940 0.486307 7.097412 0.455119
 410.000000 0.529530 0.601110 14.386524 0.490598 7.094272 0.412290
 411.000000 0.547211 0.587764 13.820799 0.475101 6.446100 0.401475
 412.000000 0.514867 0.552203 12.026663 0.478349 6.495338 0.293623
 413.000000 0.529057 0.610427 14.563370 0.499167 7.789805 0.427777
 414.000000 0.524724 0.616967 14.798472 0.490770 7.281917 0.457091
 415.000000 0.540059 0.624536 14.955820 0.473234 6.884023 0.478782
 416.000000 0.517333 0.576392 13.376262 0.450875 5.426803 0.339195
 417.000000 0.548945 0.592519 14.031861 0.466699 5.935015 0.390365
 418.000000 0.521713 0.609573 14.589505 0.478847 6.681116 0.433567
 419.000000 0.539205 0.598043 14.273581 0.458575 5.817176 0.389528
 420.000000 0.542714 0.608792 14.577543 0.506444 8.324137 0.443603
 421.000000 0.547617 0.612777 14.662591 0.517978 8.467795 0.446956
 422.000000 0.541158 0.607481 14.561369 0.498973 7.727433 0.436686
 423.000000 0.517048 0.611659 14.660780 0.493132 7.248886 0.429957
 424.000000 0.549940 0.632117 15.091092 0.514592 8.698665 0.490981
 425.000000 0.504969 0.592755 14.109663 0.469479 6.361641 0.357728
 426.000000 0.524835 0.604297 14.447589 0.466623 6.239621 0.405073
 427.000000 0.516925 0.602516 14.408585 0.491513 7.252279 0.395484
 428.000000 0.545545 0.595239 14.074764 0.491379 7.203809 0.389362
 429.000000 0.531825 0.554308 12.046965 0.476835 6.622645 0.356446
 430.000000 0.564283 0.583855 13.631758 0.464015 5.823316 0.397423
 431.000000 0.540884 0.612022 14.679625 0.522100 8.892277 0.430104
 432.000000 0.533618 0.611620 14.648330 0.503568 7.690446 0.441333
 433.000000 0.555153 0.604197 14.476747 0.544462 9.767822 0.418578
 434.000000 0.537842 0.618659 14.822622 0.502553 8.013113 0.465779
 435.000000 0.540569 0.623566 14.928603 0.494727 7.502265 0.477228
 436.000000 0.538997 0.618326 14.831816 0.487758 7.170154 0.447408
 437.000000 0.511881 0.598887 14.306655 0.453484 5.566117 0.391044
 438.000000 0.538910 0.617683 14.790634 0.488723 7.606374 0.449235
 439.000000 0.520627 0.607979 14.502337 0.507099 8.246979 0.428767
 440.000000 0.530737 0.591753 14.026125 0.471424 6.527767 0.411930
 441.000000 0.515825 0.610856 14.628927 0.469848 5.894191 0.452848
 442.000000 0.527103 0.599587 14.271476 0.486616 7.154885 0.398702
 443.000000 0.529564 0.625083 14.923992 0.470414 6.385405 0.473850
 444.000000 0.531304 0.573307 13.333776 0.475587 6.536568 0.367080
 445.000000 0.541504 0.610825 14.623197 0.457478 5.333682 0.426146
 446.000000 0.535820 0.588253 13.904195 0.483458 7.125765 0.385763
 447.000000 0.523647 0.591526 13.990841 0.479958 6.859447 0.356030
 448.000000 0.553394 0.608540 14.574583 0.480303 7.334257 0.457061
 449.000000 0.513603 0.595742 14.139587 0.456255 5.290528 0.403968
 450.000000 0.557452 0.602720 14.425737 0.500723 7.681457 0.418110
 451.000000 0.545283 0.577596 13.428807 0.459889 5.499314 0.355734
 452.000000 0.518762 0.559946 12.229350 0.467191 6.142875 0.364352
 453.000000 0.545442 0.584797 13.774304 0.455456 4.956088 0.417892
 454.000000 0.523644 0.589931 14.018659 0.448755 4.871084 0.392297
 455.000000 0.551231 0.594904 14.137007 0.467605 5.975430 0.387291
 456.000000 0.514389 0.587054 13.669891 0.487453 7.741222 0.387504
 457.000000 0.549664 0.599328 14.261511 0.448407 5.024176 0.416505
 458.000000 0.539793 0.611498 14.661504 0.467382 6.279854 0.440563
 459.000000 0.521868 0.598070 14.287384 0.472894 6.329544 0.365545
 460.000000 0.546732 0.608735 14.493177 0.495916 7.934005 0.452892
 461.000000 0.530548 0.608763 14.581054 0.504187 8.003050 0.423514
 462.000000 0.515577 0.585136 13.772214 0.453592 5.433187 0.348779
 463.000000 0.538757 0.606126 14.495509 0.476486 6.948675 0.436297
 464.000000 0.533554 0.605982 14.497043 0.494244 7.595913 0.412661
 465.000000 0.516330 0.610491 14.632058 0.450111 5.368423 0.443701
 466.000000 0.555316 0.625126 14.963649 0.489600 7.372044 0.494800
 467.000000 0.541377 0.597399 14.107661 0.489034 7.305835 0.406477
 468.000000 0.543204 0.599293 14.305275 0.472930 6.503877 0.421993
 469.000000 0.514615 0.603996 14.447610 0.505432 8.323051 0.403136
 470.000000 0.559297 0.599028 14.320449 0.487830 7.286918 0.405009
 471.000000 0.540681 0.624456 14.941899 0.501334 7.969833 0.481908
 472.000000 0.525106 0.615277 14.755564 0.523862 9.242225 0.429733
 473.000000 0.541690 0.615681 14.774650 0.485699 7.077647 0.442064
 474.000000 0.535438 0.622703 14.912962 0.511216 7.988656 0.481140
 475.000000 0.539286 0.603402 14.456848 0.472788 6.333240 0.416186
 476.000000 0.528956 0.614880 14.732563 0.506768 8.228980 0.438952
 477.000000 0.516484 0.603013 14.388773 0.495128 7.531210 0.406247
 478.000000 0.539825 0.581343 13.667683 0.489158 7.221137 0.410963
 479.000000 0.504841 0.607100 14.510708 0.474646 6.911770 0.428108
 480.000000 0.547236 0.601946 14.368370 0.466521 6.329491 0.422359
 481.000000 0.520167 0.615264 14.715259 0.479400 7.052956 0.455355
 482.000000 0.546565 0.569841 13.097410 0.446476 5.143690 0.364459
 483.000000 0.526372 0.606141 14.479579 0.481114 7.348735 0.418715
 484.000000 0.540065 0.598768 14.226364 0.476854 6.679512 0.457058
 485.000000 0.516047 0.603594 14.447918 0.522719 8.998490 0.407600
 486.000000 0.548520 0.581800 13.682849 0.482033 7.055736 0.372154
 487.000000 0.549182 0.608067 14.582655 0.489062 7.358402 0.412480
 488.000000 0.522933 0.605670 14.490386 0.481544 6.963656 0.383228
 489.000000 0.532544 0.592494 14.082522 0.465387 5.995129 0.411929
 490.000000 0.538185 0.576465 13.441480 0.470096 6.323774 0.358291
 491.000000 0.528618 0.564512 12.878413 0.448013 4.785538 0.352217
 492.000000 0.534261 0.584847 13.804466 0.493016 7.583584 0.359497
 493.000000 0.537119 0.591568 14.052844 0.461657 5.850823 0.374626
 494.000000 0.527915 0.604730 14.486454 0.472406 6.524499 0.424711
 495.000000 0.531709 0.595759 14.204845 0.469158 6.669246 0.398925
 496.000000 0.537439 0.586464 13.654739 0.471605 6.074514 0.367311
 497.000000 0.532989 0.615325 14.729400 0.501085 7.961829 0.446070
 498.000000 0.521831 0.577679 13.482000 0.465101 5.969107 0.371536
 499.000000 0.521982 0.580867 13.674920 0.476919 6.532824 0.354519
 500.000000 0.524549 0.611525 14.661833 0.487145 7.420478 0.445522
 501.000000 0.537062 0.607301 14.546578 0.489351 7.536765 0.415249
 502.000000 0.545095 0.605973 14.488636 0.474332 6.524807 0.424436
 503.000000 0.529876 0.613738 14.732509 0.484802 7.241899 0.441320
 504.000000 0.527721 0.591638 14.011621 0.454436 5.544837 0.436809
 505.000000 0.523530 0.616508 14.764707 0.451700 5.580042 0.411482
 506.000000 0.539089 0.609667 14.589853 0.479992 6.701346 0.448885
 507.000000 0.531709 0.603273 14.406074 0.485067 7.323393 0.411960
 508.000000 0.532029 0.618699 14.830275 0.485457 6.681724 0.443644
 509.000000 0.556407 0.610995 14.651852 0.468405 6.548464 0.464102
 510.000000 0.526368 0.623718 14.932717 0.489129 7.067017 0.460339
 511.000000 0.535890 0.595711 14.189928 0.481554 7.039402 0.387726
 512.000000 0.521725 0.609238 14.490347 0.483438 6.881758 0.445184
 513.000000 0.526378 0.592866 14.113760 0.490012 7.212515 0.394601
 514.000000 0.546706 0.624545 14.947390 0.470454 6.801383 0.470364
 515.000000 0.535790 0.607694 14.538055 0.499979 7.848353 0.430426
 516.000000 0.529551 0.602086 14.391562 0.517842 8.927419 0.429055
 517.000000 0.516839 0.586625 13.807837 0.470675 6.131570 0.372569
 518.000000 0.544703 0.628476 15.024453 0.474197 6.373946 0.480045
 519.000000 0.547097 0.616782 14.793895 0.513853 8.781422 0.465618
 520.000000 0.540460 0.612578 14.665434 0.501296 7.525347 0.479384
 521.000000 0.505114 0.611433 14.670120 0.484848 6.981461 0.425993
 522.000000 0.543098 0.602017 14.385832 0.463469 5.622615 0.443700
 523.000000 0.537127 0.626469 14.972395 0.496079 7.669910 0.477192
 524.000000 0.529745 0.611332 14.657929 0.476382 6.204264 0.426007
 525.000000 0.524472 0.605326 14.493220 0.501941 7.796890 0.463230
 526.000000 0.524621 0.605837 14.487593 0.529441 8.960906 0.410711
 527.000000 0.544271 0.606932 14.549204 0.484898 6.579836 0.411254
 528.000000 0.534139 0.614889 14.724379 0.497351 8.006440 0.461055
 529.000000 0.518898 0.620973 14.882034 0.522232 8.773886 0.459116
 530.000000 0.534990 0.620698 14.876927 0.468559 6.777764 0.464304
 531.000000 0.532798 0.632175 15.091822 0.528217 9.227816 0.493888
 532.000000 0.544691 0.584452 13.770644 0.482244 7.045905 0.381864
 533.000000 0.527823 0.604433 14.476192 0.480207 7.145604 0.411394
 534.000000 0.530762 0.601571 14.413457 0.466023 6.135200 0.411651
 535.000000 0.534845 0.621862 14.892986 0.508215 8.104861 0.459656
 536.000000 0.519370 0.607185 14.542903 0.505137 8.241483 0.410336
 537.000000 0.544995 0.617954 14.807843 0.496571 7.599494 0.457035
 538.000000 0.496748 0.599762 14.282398 0.486975 7.151300 0.388614
 539.000000 0.547361 0.603049 14.423802 0.500661 7.926754 0.414395
 540.000000 0.521391 0.579650 13.597813 0.441982 4.938568 0.360024
 541.000000 0.549358 0.614363 14.707263 0.462198 6.549602 0.449043
 542.000000 0.509628 0.577329 13.456151 0.485291 7.073751 0.352471
 543.000000 0.520518 0.633811 15.112164 0.490135 7.401602 0.516696
 544.000000 0.550898 0.598220 14.276484 0.495876 7.781542 0.414072
 545.000000 0.547890 0.585218 13.845958 0.476168 6.691497 0.396997
 546.000000 0.528236 0.620689 14.861958 0.505179 8.153644 0.473308
 547.000000 0.524395 0.590986 13.969517 0.448743 5.274557 0.369027
 548.000000 0.552103 0.608382 14.566193 0.499927 7.772020 0.417833
 549.000000 0.528212 0.590345 13.980133 0.513063 8.383491 0.404577
 550.000000 0.532162 0.596452 14.236558 0.507902 8.123337 0.387890
 551.000000 0.545995 0.609020 14.582399 0.491593 7.615597 0.453751
 552.000000 0.532705 0.624482 14.954098 0.469217 6.602811 0.473297
 553.000000 0.545324 0.604732 14.493425 0.491032 7.409423 0.429296
 554.000000 0.527096 0.596252 14.217589 0.491215 7.250761 0.394678
 555.000000 0.541643 0.601087 14.384830 0.474015 6.729716 0.424036
 556.000000 0.546113 0.607765 14.563721 0.487620 7.543495 0.424380
 557.000000 0.518171 0.612608 14.685874 0.477276 6.816453 0.462239
 558.000000 0.562176 0.608017 14.591750 0.469324 6.078406 0.424174
 559.000000 0.513263 0.584764 13.784452 0.492669 7.414899 0.381065
 560.000000 0.550346 0.619424 14.849380 0.479672 7.351494 0.463201
 561.000000 0.526683 0.593316 14.125574 0.452232 5.352474 0.387092
 562.000000 0.517950 0.619225 14.841844 0.481959 6.758358 0.486066
 563.000000 0.552372 0.603409 14.408659 0.489288 7.240953 0.430163
 564.000000 0.538139 0.600009 14.326911 0.475967 6.360875 0.387969
 565.000000 0.529509 0.613381 14.685855 0.481797 6.760183 0.457974
 566.000000 0.507132 0.572249 13.243844 0.477207 6.690092 0.356988
 567.000000 0.535923 0.609524 14.605205 0.506205 8.024277 0.432430
 568.000000 0.535468 0.594585 14.116525 0.500488 7.912726 0.417978
 569.000000 0.506835 0.606304 14.497720 0.493559 7.656905 0.384276
 570.000000 0.524291 0.550340 11.991948 0.479189 6.596776 0.376223
 571.000000 0.553278 0.617483 14.788663 0.479051 6.934637 0.455594
 572.000000 0.539009 0.597842 14.232919 0.485899 7.076473 0.375113
 573.000000 0.552862 0.572684 13.304656 0.451935 5.232179 0.358717
 574.000000 0.522376 0.584473 13.661806 0.472766 6.538233 0.369500
 575.000000 0.542430 0.573562 13.309519 0.463686 6.174064 0.329944
 576.000000 0.529165 0.582253 13.730146 0.468645 6.127724 0.359889
 577.000000 0.515775 0.601506 14.358123 0.490594 7.138171 0.433697
 578.000000 0.538102 0.637468 15.173532 0.495333 7.576627 0.500843
 579.000000 0.516338 0.606932 14.562986 0.481601 6.903429 0.440911
 580.000000 0.527792 0.576526 13.463520 0.487190 7.088271 0.340734
 581.000000 0.545357 0.596826 14.261388 0.481193 7.045209 0.409110
 582.000000 0.515055 0.609358 14.612564 0.497603 7.558264 0.422592
 583.000000 0.554698 0.556947 12.460231 0.453217 5.574841 0.344236
 584.000000 0.530744 0.609253 14.589452 0.494247 7.335277 0.437109
 585.000000 0.517713 0.583442 13.720618 0.447959 5.282315 0.376160
 586.000000 0.541590 0.617296 14.794478 0.487363 6.968745 0.443969
 587.000000 0.517054 0.599586 14.325609 0.477538 6.761919 0.416950
 588.000000 0.554830 0.617454 14.805276 0.496206 7.721665 0.470144
 589.000000 0.534866 0.611021 14.631185 0.486399 7.144228 0.428109
 590.000000 0.519020 0.623457 14.925914 0.498328 7.361565 0.460636
 591.000000 0.541427 0.623305 14.921315 0.491973 7.727738 0.473090
 592.000000 0.502224 0.513975 9.106195 0.427988 3.257576 0.293481
 593.000000 0.537870 0.520714 9.486658 0.445570 4.408429 0.329645
 594.000000 0.538134 0.519916 9.699816 0.408800 2.401321 0.314807
 595.000000 0.541954 0.531964 10.510203 0.449896 4.407066 0.391210
 596.000000 0.541885 0.520167 9.742436 0.429871 3.674802 0.300878
 597.000000 0.521083 0.500108 7.924319 0.439471 3.765444 0.305293
 598.000000 0.559628 0.524282 9.916195 0.439332 4.213910 0.319271
 599.000000 0.528237 0.562328 12.438159 0.456536 5.058480 0.428102
 600.000000 0.549440 0.555320 11.974554 0.426946 3.663120 0.372106
 601.000000 0.542010 0.536660 10.886811 0.459475 5.021919 0.323174
 602.000000 0.535807 0.542229 11.192399 0.442179 4.306092 0.314028
 603.000000 0.550687 0.564002 12.316922 0.442798 4.411233 0.360501
 604.000000 0.534159 0.519799 9.550248 0.453987 5.004086 0.300802
 605.000000 0.522040 0.528079 10.127537 0.464819 5.215941 0.275903
 606.000000 0.561647 0.569078 12.731127 0.453159 5.051959 0.381204
 607.000000 0.522231 0.550861 11.684341 0.461497 5.360427 0.361994
 608.000000 0.562648 0.545518 11.499531 0.442377 4.204005 0.340742
 609.000000 0.527271 0.551254 11.681993 0.456416 5.391176 0.370051
 610.000000 0.561124 0.565439 12.638177 0.470757 6.092086 0.444571
 611.000000 0.526745 0.556525 12.135289 0.467379 5.761507 0.317910
 612.000000 0.559032 0.546194 11.479658 0.433580 3.725622 0.357489
 613.000000 0.551996 0.563151 12.231589 0.460347 5.404259 0.402261
 614.000000 0.545723 0.503746 8.321623 0.422543 3.430134 0.340289
 615.000000 0.518293 0.511316 8.888277 0.421862 2.957798 0.321509
 616.000000 0.564480 0.529337 10.004521 0.416327 2.719266 0.347978
 617.000000 0.530766 0.523880 9.975020 0.443561 4.054364 0.327429
 618.000000 0.553931 0.580823 13.100339 0.507897 8.100007 0.439042
 619.000000 0.538635 0.568657 12.719255 0.483833 6.552130 0.376290
 620.000000 0.550619 0.564968 12.151399 0.466454 5.692734 0.407751
 621.000000 0.536604 0.555042 12.027531 0.464764 5.587905 0.335565
 622.000000 0.559789 0.541930 11.291700 0.441330 4.244992 0.320065
 623.000000 0.535320 0.588460 13.518203 0.470820 5.840265 0.404769
 624.000000 0.558767 0.563679 12.494782 0.451487 4.949517 0.383176
 625.000000 0.534472 0.538380 10.675075 0.455026 5.042408 0.335710
 626.000000 0.527671 0.521437 9.667916 0.444262 4.275412 0.359359
 627.000000 0.517075 0.523881 10.088120 0.412972 2.798818 0.353843
 628.000000 0.510296 0.568275 12.810637 0.468596 5.724009 0.387956
 629.000000 0.558232 0.567259 12.685097 0.430486 3.941318 0.419059
 630.000000 0.511317 0.520525 9.691224 0.441321 4.463694 0.322778
 631.000000 0.565562 0.461457 5.218231 0.406109 1.935491 0.267103
 632.000000 0.506730 0.489144 7.518057 0.443160 4.150897 0.266929
 633.000000 0.539938 0.485233 7.063997 0.423683 3.165627 0.249014
 634.000000 0.488915 0.455098 4.823912 0.393609 1.650255 0.244699
 635.000000 0.518462 0.495787 8.044763 0.407468 3.157106 0.300450
 636.000000 0.538478 0.547968 11.688986 0.438680 4.143130 0.333454
 637.000000 0.563100 0.506517 8.488936 0.433784 4.272335 0.314126
 638.000000 0.520569 0.522272 9.822913 0.432398 3.579574 0.286476
 639.000000 0.557723 0.537432 10.876095 0.423335 3.496981 0.321986
 640.000000 0.542307 0.561999 12.320268 0.469873 5.805226 0.362918
 641.000000 0.560777 0.524057 9.888077 0.439359 4.157829 0.314204
 642.000000 0.517550 0.515565 9.298530 0.429160 3.344587 0.270528
 643.000000 0.548205 0.555921 11.906366 0.460213 5.595898 0.379197
 644.000000 0.531768 0.568187 12.748481 0.464185 5.494242 0.322487
 645.000000 0.536916 0.566595 12.460314 0.435600 3.961592 0.390953
 646.000000 0.543459 0.567332 12.606047 0.479984 6.723522 0.382596
 647.000000 0.505137 0.528943 10.500039 0.428626 3.563628 0.344470
 648.000000 0.548307 0.576353 12.983813 0.447258 4.868141 0.406690
 649.000000 0.554071 0.550142 11.750866 0.422274 3.588332 0.370078
 650.000000 0.556328 0.556660 12.059503 0.491116 7.264383 0.362211
 651.000000 0.541142 0.540922 10.967175 0.436325 4.270560 0.348636
 652.000000 0.553294 0.579581 13.133191 0.489160 6.863885 0.415982
 653.000000 0.557380 0.557284 12.145174 0.458822 5.360516 0.379569
 654.000000 0.535457 0.502870 8.162976 0.423628 3.137624 0.267985
 655.000000 0.556273 0.537620 10.721906 0.435169 4.284576 0.347144
 656.000000 0.582132 0.539443 11.187835 0.422174 3.550598 0.364687
 657.000000 0.546483 0.570994 12.823544 0.453224 5.177640 0.377133
 658.000000 0.499302 0.480116 6.733313 0.430995 4.406677 0.292057
 659.000000 0.527475 0.555741 12.180555 0.446449 5.200365 0.335136
 660.000000 0.549808 0.606578 14.524921 0.490426 7.292750 0.426960
 661.000000 0.510689 0.595122 13.991643 0.465530 5.878574 0.390186
 662.000000 0.532799 0.609458 14.585348 0.485131 7.176495 0.448440
 663.000000 0.556324 0.586503 13.755081 0.505189 7.997738 0.364806
 664.000000 0.512284 0.596119 14.156394 0.473838 6.646627 0.395961
 665.000000 0.525725 0.532432 10.670286 0.448544 5.178238 0.291294
 666.000000 0.560176 0.589702 14.006899 0.475917 6.851157 0.407666
 667.000000 0.523692 0.564725 12.885854 0.469529 6.394920 0.374857
 668.000000 0.524745 0.602736 14.435791 0.486073 7.028082 0.418430
 669.000000 0.499012 0.589572 13.986445 0.475448 6.740993 0.379852
 670.000000 0.547915 0.616111 14.780845 0.507019 7.898899 0.453351
 671.000000 0.524662 0.601997 14.405951 0.476486 6.679535 0.416204
 672.000000 0.542601 0.606448 14.534341 0.503320 8.198133 0.444944
 673.000000 0.502900 0.588148 13.931852 0.469708 6.359617 0.367871
 674.000000 0.524713 0.593994 14.015675 0.448864 4.898762 0.397439
 675.000000 0.519836 0.602370 14.415020 0.481528 7.046665 0.402597
 676.000000 0.510905 0.564125 12.639204 0.458480 5.690931 0.327168
 677.000000 0.530981 0.584952 13.789827 0.487365 7.417578 0.375829
 678.000000 0.522346 0.576142 13.258208 0.496440 7.655354 0.333421
 679.000000 0.520217 0.600489 14.295214 0.488681 7.213813 0.403553
 680.000000 0.521618 0.613775 14.712420 0.482424 6.842749 0.467975
 681.000000 0.514023 0.551261 12.091023 0.448254 4.793598 0.310689
 682.000000 0.529936 0.598140 14.278700 0.465096 5.916662 0.418596
 683.000000 0.540002 0.593680 14.157785 0.458948 5.716737 0.390756
 684.000000 0.545195 0.588413 13.949376 0.457717 5.482666 0.409143
 685.000000 0.531208 0.590068 13.907812 0.483647 6.616398 0.388254
 686.000000 0.516886 0.593661 14.140267 0.503073 7.934110 0.392709
 687.000000 0.529270 0.621329 14.889303 0.512696 8.205451 0.467685
 688.000000 0.527173 0.578552 13.436033 0.465686 5.618667 0.378922
 689.000000 0.535226 0.615495 14.752712 0.509806 8.254511 0.461798
 690.000000 0.499123 0.594462 14.189773 0.479717 6.391911 0.394581
 691.000000 0.533889 0.606304 14.534370 0.465698 6.078012 0.419360
 692.000000 0.535560 0.621608 14.868787 0.532688 9.152347 0.462714
 693.000000 0.553819 0.594658 14.136497 0.479088 6.963091 0.396699
 694.000000 0.538604 0.594979 14.135828 0.487450 7.243369 0.364225
 695.000000 0.525395 0.597099 14.195173 0.475743 6.634446 0.405187
 696.000000 0.520354 0.607057 14.538007 0.491705 7.181644 0.421024
 697.000000 0.525255 0.591106 13.982240 0.478411 6.671633 0.388015
 698.000000 0.533184 0.615551 14.757894 0.475608 6.779572 0.452704
 699.000000 0.516884 0.589322 13.896783 0.464615 5.959604 0.378044
 700.000000 0.564108 0.601084 14.357143 0.507472 7.998229 0.424270
 701.000000 0.507397 0.597437 14.271398 0.475070 6.502810 0.401947
 702.000000 0.533141 0.603921 14.443978 0.495791 7.549699 0.427893
 703.000000 0.547617 0.606973 14.540789 0.485934 7.266567 0.425566
 704.000000 0.497026 0.606059 14.512166 0.495732 7.396479 0.380594
 705.000000 0.529993 0.590653 13.961358 0.483840 7.129347 0.389862
 706.000000 0.513203 0.586096 13.846963 0.517113 8.729838 0.355503
 707.000000 0.550853 0.580200 13.557386 0.470348 5.846640 0.400202
 708.000000 0.517002 0.594110 14.101729 0.470808 6.225357 0.391699
 709.000000 0.547390 0.593835 14.105045 0.459427 6.021504 0.380023
 710.000000 0.507590 0.582054 13.706349 0.473406 6.386145 0.387217
 711.000000 0.553497 0.550568 11.967552 0.452710 5.684786 0.308085
 712.000000 0.521369 0.573243 13.310810 0.465397 5.893657 0.338796
 713.000000 0.531337 0.586987 13.907132 0.473122 6.319786 0.393340
 714.000000 0.521928 0.574766 13.429592 0.463534 5.927956 0.354343
 715.000000 0.532460 0.605765 14.490119 0.477219 6.473941 0.423388
 716.000000 0.518733 0.621808 14.886065 0.491050 7.529296 0.465984
 717.000000 0.549119 0.614650 14.695645 0.464274 6.265185 0.441762
 718.000000 0.518033 0.605202 14.512916 0.478777 6.540057 0.418515
 719.000000 0.561670 0.618213 14.820342 0.500202 8.168473 0.484099
 720.000000 0.530814 0.592244 13.995802 0.466096 6.194073 0.400094
 721.000000 0.571551 0.600352 14.370620 0.489887 7.847589 0.426755
 722.000000 0.524491 0.620294 14.858782 0.513381 8.497922 0.466039
 723.000000 0.523633 0.583672 13.764358 0.472832 6.560713 0.366189
 724.000000 0.533719 0.594941 14.184787 0.470535 6.423238 0.400360
 725.000000 0.506743 0.591448 14.052970 0.480599 6.745265 0.388755
 726.000000 0.530906 0.592785 14.068585 0.469243 6.376849 0.374880
 727.000000 0.542313 0.592673 14.090297 0.459790 5.735988 0.401767
 728.000000 0.531220 0.597694 14.183925 0.478496 6.725175 0.411548
 729.000000 0.535262 0.566950 12.955229 0.464884 6.156624 0.359623
 730.000000 0.523891 0.601192 14.323897 0.485580 7.038054 0.417133
 731.000000 0.528415 0.595888 14.151405 0.474109 6.553643 0.430765
 732.000000 0.546676 0.591261 14.047771 0.496635 7.643782 0.374081
 733.000000 0.513329 0.572876 13.264235 0.468234 5.986195 0.325215
 734.000000 0.560215 0.609392 14.604686 0.458468 6.034768 0.451875
 735.000000 0.511939 0.581779 13.634579 0.472868 6.429230 0.377389
 736.000000 0.529573 0.599886 14.295392 0.466197 6.410256 0.428400
 737.000000 0.512884 0.585697 13.855803 0.484665 7.155248 0.355365
 738.000000 0.535875 0.620408 14.862444 0.517861 8.520511 0.462141
 739.000000 0.532604 0.621842 14.883129 0.484705 6.768497 0.451497
 740.000000 0.541888 0.604995 14.502119 0.488564 7.479921 0.401250
 741.000000 0.533241 0.614808 14.725646 0.492916 7.222714 0.438383
 742.000000 0.532630 0.610367 14.599951 0.507579 8.199727 0.440285
 743.000000 0.535707 0.591699 14.030679 0.477045 6.620941 0.390625
 744.000000 0.529723 0.590283 13.981947 0.494997 7.601476 0.403555
 745.000000 0.524778 0.604258 14.464413 0.482876 7.181973 0.402678
 746.000000 0.550436 0.615350 14.751572 0.502024 7.796563 0.458218
 747.000000 0.527516 0.621240 14.873458 0.458654 5.988673 0.457979
 748.000000 0.523213 0.606955 14.535189 0.491379 7.207020 0.414703
 749.000000 0.541479 0.600989 14.284937 0.463474 5.919760 0.437228
 750.000000 0.537025 0.572356 13.024033 0.430758 3.959589 0.306712
 751.000000 0.538149 0.615505 14.751007 0.500675 8.404364 0.443759
 752.000000 0.541559 0.607419 14.531654 0.482641 6.806231 0.420707
 753.000000 0.517442 0.542748 11.434085 0.458351 5.434036 0.325473
 754.000000 0.542761 0.612508 14.653097 0.475584 6.467926 0.463162
 755.000000 0.518299 0.603652 14.429609 0.473769 6.334115 0.446000
 756.000000 0.528569 0.613876 14.714188 0.486329 7.480061 0.430127
 757.000000 0.527214 0.589696 14.025563 0.461367 5.923223 0.394423
 758.000000 0.537551 0.616217 14.770268 0.502645 8.000563 0.442304
 759.000000 0.529731 0.604294 14.487040 0.480266 6.669658 0.421195
 760.000000 0.553066 0.625940 14.980732 0.495891 7.900424 0.486287
 761.000000 0.532888 0.607554 14.572771 0.497579 8.006545 0.419439
 762.000000 0.547516 0.605767 14.501124 0.496136 7.679586 0.417874
 763.000000 0.527426 0.617600 14.805531 0.476846 7.131651 0.432069
 764.000000 0.534293 0.596688 14.229191 0.505785 8.257208 0.387735
 765.000000 0.532849 0.614139 14.727610 0.524443 8.861026 0.435615
 766.000000 0.536587 0.582904 13.714217 0.447206 4.753442 0.389882
 767.000000 0.524987 0.612871 14.691902 0.517331 8.484979 0.417582
 768.000000 0.575537 0.594526 14.148831 0.492932 7.537034 0.427108
 769.000000 0.510560 0.628813 15.028529 0.482684 7.114874 0.469907
 770.000000 0.548226 0.598448 14.190677 0.462464 6.273270 0.427571
 771.000000 0.521384 0.601689 14.368787 0.483466 7.269647 0.416647
 772.000000 0.534826 0.591149 13.893460 0.486153 7.202137 0.414923
 773.000000 0.547828 0.598287 14.201295 0.481655 7.105805 0.386744
 774.000000 0.524943 0.607463 14.559107 0.477684 6.729493 0.450367
 775.000000 0.559693 0.595652 14.233217 0.464545 6.094216 0.392246
 776.000000 0.545999 0.629537 15.041152 0.484843 7.778832 0.499764
 777.000000 0.532678 0.614947 14.730125 0.471618 6.019145 0.438931
 778.000000 0.565556 0.623410 14.928218 0.466095 6.700206 0.475440
 779.000000 0.537996 0.604801 14.433868 0.487468 7.308325 0.460830
 780.000000 0.528438 0.608464 14.556780 0.488061 7.512825 0.441168
 781.000000 0.515853 0.597630 14.186480 0.488551 7.168935 0.407002
 782.000000 0.518042 0.620302 14.853241 0.492120 7.507257 0.445250
 783.000000 0.555317 0.617945 14.810158 0.507370 8.271709 0.459526
 784.000000 0.528168 0.612981 14.684744 0.511005 8.426276 0.440147
 785.000000 0.533349 0.603150 14.392046 0.490221 7.039184 0.406921
 786.000000 0.520908 0.607624 14.540406 0.473891 6.726070 0.422850
 787.000000 0.549872 0.626023 14.981968 0.497703 8.064103 0.488535
 788.000000 0.500081 0.589106 13.953869 0.473964 6.492422 0.352892
 789.000000 0.536311 0.594302 14.021308 0.449723 4.999555 0.418350
 790.000000 0.533793 0.587041 13.875239 0.475062 6.196777 0.372234
 791.000000 0.540591 0.599783 14.262777 0.507355 8.208049 0.418716
 792.000000 0.553006 0.613630 14.715336 0.512526 8.089328 0.460048
 793.000000 0.509308 0.590876 14.015294 0.472183 6.332876 0.392333
 794.000000 0.556790 0.588284 13.990400 0.485929 7.140401 0.410263
 795.000000 0.533071 0.581306 13.666199 0.466715 5.950333 0.389835
 796.000000 0.521646 0.572217 13.199215 0.451979 5.256932 0.364573
 797.000000 0.564381 0.603116 14.446861 0.522832 9.000739 0.414456
 798.000000 0.524748 0.618207 14.780471 0.456804 5.942826 0.453951
 799.000000 0.533363 0.611938 14.668166 0.486878 7.685895 0.434537
 800.000000 0.539454 0.609987 14.632307 0.463655 6.256233 0.424737
 801.000000 0.523551 0.599700 14.262003 0.505883 7.950626 0.404904
 802.000000 0.522623 0.599311 14.313863 0.496846 7.878590 0.405114
 803.000000 0.554184 0.623557 14.930552 0.556580 10.523498 0.457561
 804.000000 0.520233 0.600323 14.343306 0.480367 7.005579 0.381043
 805.000000 0.525803 0.595922 14.156579 0.497666 7.305495 0.398576
 806.000000 0.520665 0.602235 14.385251 0.493715 7.605257 0.428261
 807.000000 0.524370 0.613508 14.687120 0.490036 7.284347 0.412509
 808.000000 0.529223 0.605376 14.471535 0.499540 7.618882 0.398972
 809.000000 0.566772 0.592382 14.071306 0.491723 7.478159 0.409276
 810.000000 0.489686 0.580598 13.595542 0.517206 8.698607 0.331374
 811.000000 0.558253 0.612189 14.665241 0.490548 7.143252 0.465549
 812.000000 0.521195 0.582399 13.715069 0.441999 4.794920 0.346283
 813.000000 0.529370 0.572856 13.190390 0.448683 4.999943 0.336903
 814.000000 0.502511 0.588925 13.762880 0.503701 7.997395 0.374405
 815.000000 0.541379 0.569716 13.006565 0.437549 4.873890 0.325417
 816.000000 0.516978 0.614070 14.667466 0.475310 6.542005 0.437579
 817.000000 0.532623 0.593217 14.108050 0.483558 6.937740 0.415326
 818.000000 0.498216 0.580119 13.525771 0.475752 6.274580 0.346999
 819.000000 0.544202 0.599941 14.341224 0.502892 7.980583 0.418305
 820.000000 0.543561 0.607435 14.557339 0.504704 8.293724 0.436089
 821.000000 0.532687 0.604773 14.488274 0.488787 7.345106 0.427934
 822.000000 0.524619 0.594027 14.100001 0.489809 7.431702 0.444726
 823.000000 0.552774 0.611383 14.667402 0.447261 5.603287 0.419509
 824.000000 0.539891 0.614072 14.725585 0.500879 7.552601 0.448600
 825.000000 0.510486 0.614614 14.689251 0.512453 8.477447 0.451973
 826.000000 0.539269 0.590653 14.066609 0.449160 5.373485 0.395638
 827.000000 0.530673 0.598202 14.202462 0.488961 7.512719 0.408818
 828.000000 0.529236 0.583280 13.693347 0.457979 5.795930 0.374887
 829.000000 0.546370 0.587794 13.936868 0.481688 6.974024 0.393493
 830.000000 0.532444 0.609534 14.603790 0.503321 8.162098 0.447578
 831.000000 0.527630 0.610982 14.630086 0.497503 7.655539 0.426243
 832.000000 0.550073 0.611310 14.666162 0.495742 7.273743 0.438060
 833.000000 0.542809 0.590340 13.861631 0.445166 4.856174 0.416556
 834.000000 0.524390 0.608662 14.582418 0.473893 6.692347 0.425378
 835.000000 0.548586 0.602775 14.359735 0.474706 6.130192 0.454172
 836.000000 0.531790 0.601518 14.380696 0.476117 6.617448 0.388183
 837.000000 0.545700 0.599442 14.315220 0.472417 6.521431 0.399588
 838.000000 0.511942 0.583343 13.682902 0.474008 6.474589 0.366731
 839.000000 0.532165 0.577985 13.423267 0.453307 5.813964 0.352437
 840.000000 0.521232 0.615392 14.689232 0.500243 8.065143 0.415624
 841.000000 0.506953 0.551130 11.930095 0.454947 5.453783 0.295211
 842.000000 0.515559 0.596415 14.242351 0.501340 7.857022 0.366148
 843.000000 0.520988 0.550087 11.980494 0.436530 4.637268 0.281130
 844.000000 0.544854 0.596836 14.212269 0.447096 5.362614 0.378146
 845.000000 0.519821 0.595683 14.195241 0.489198 7.442649 0.375688
 846.000000 0.540278 0.629886 15.041954 0.499376 7.399205 0.504740
 847.000000 0.519430 0.605533 14.533109 0.512242 8.648739 0.463056
 848.000000 0.524048 0.613577 14.717359 0.489864 7.365347 0.444882
 849.000000 0.529562 0.605473 14.422574 0.512689 8.188959 0.436534
 850.000000 0.557292 0.599507 14.318506 0.483266 7.021589 0.397271
 851.000000 0.536068 0.599653 14.344150 0.493949 7.732431 0.424956
 852.000000 0.508038 0.594389 14.151377 0.448391 5.216232 0.372915
 853.000000 0.546604 0.621657 14.891909 0.512740 8.774488 0.447970
 854.000000 0.523691 0.608465 14.561772 0.490034 7.140142 0.437922
 855.000000 0.527804 0.595428 14.078833 0.474030 6.289815 0.415171
 856.000000 0.552286 0.604609 14.490799 0.504743 8.256499 0.448157
 857.000000 0.518382 0.602667 14.417202 0.472009 6.481005 0.441247
 858.000000 0.561783 0.610384 14.598654 0.481495 6.819569 0.448282
 859.000000 0.531067 0.615047 14.743253 0.468686 6.141905 0.447967
 860.000000 0.515662 0.628199 15.023127 0.499853 8.038544 0.468583
 861.000000 0.542353 0.633250 15.106314 0.493934 7.296748 0.505104
 862.000000 0.504215 0.583256 13.525060 0.474817 6.483775 0.342323
 863.000000 0.542093 0.610185 14.646436 0.490456 7.738496 0.453961
 864.000000 0.520886 0.583252 13.740087 0.487681 7.257837 0.381366
 865.000000 0.546069 0.594786 14.169281 0.476470 6.894641 0.412665
 866.000000 0.516031 0.608609 14.586465 0.458985 5.790742 0.425924
 867.000000 0.571219 0.595596 14.197362 0.465465 6.394389 0.434543
 868.000000 0.524072 0.610176 14.610087 0.477413 6.773775 0.436722
 869.000000 0.536519 0.585569 13.670990 0.482823 6.836561 0.364964
 870.000000 0.528964 0.599122 14.272697 0.479561 6.652311 0.400446
 871.000000 0.523928 0.580469 13.638283 0.465312 6.463046 0.371678
 872.000000 0.541727 0.605381 14.469299 0.488494 7.347458 0.420073
 873.000000 0.528895 0.599102 14.287186 0.462718 5.981516 0.411757
 874.000000 0.553475 0.591799 14.046449 0.488504 7.039968 0.363313
 875.000000 0.511679 0.559033 12.497838 0.443484 4.941775 0.332747
 876.000000 0.537097 0.604479 14.447467 0.466886 6.303611 0.420097
 877.000000 0.538259 0.620522 14.857213 0.525644 8.786308 0.454273
 878.000000 0.539677 0.619379 14.845530 0.512720 8.388598 0.463539
 879.000000 0.531554 0.612302 14.697564 0.501798 7.812442 0.452533
 880.000000 0.525618 0.621776 14.887182 0.492490 7.247660 0.448882
 881.000000 0.550621 0.621623 14.884489 0.493405 7.760569 0.468908
 882.000000 0.523163 0.626951 14.997491 0.515837 8.778908 0.455121
 883.000000 0.530931 0.621187 14.890746 0.470742 6.249274 0.432371
 884.000000 0.543827 0.620447 14.866365 0.480877 7.017281 0.474791
 885.000000 0.523415 0.605949 14.409943 0.513398 8.582985 0.428462
 886.000000 0.546834 0.610834 14.659203 0.502794 8.334949 0.461208
 887.000000 0.524068 0.597053 14.223893 0.498934 7.777218 0.375160
 888.000000 0.546190 0.571502 13.216176 0.467375 6.204084 0.402496
 889.000000 0.510140 0.591050 13.972662 0.487452 7.030505 0.399105
 890.000000 0.524523 0.567590 12.973671 0.443501 5.116526 0.382468
 891.000000 0.535328 0.611285 14.650061 0.506604 8.209591 0.444103
 892.000000 0.548247 0.614162 14.686729 0.474275 6.667114 0.463289
 893.000000 0.543873 0.607808 14.520000 0.504602 7.570041 0.420287
 894.000000 0.519062 0.601099 14.356247 0.470148 6.341254 0.424063
 895.000000 0.514688 0.565552 12.980329 0.460335 5.788611 0.335288
 896.000000 0.528834 0.626230 14.982785 0.514335 9.093079 0.494151
 897.000000 0.530268 0.613955 14.707084 0.511433 8.110966 0.449006
 898.000000 0.532073 0.587924 13.852881 0.476964 6.447029 0.399053
 899.000000 0.539819 0.558491 12.533855 0.489759 7.061775 0.369927
 900.000000 0.567857 0.611615 14.679284 0.476332 6.287217 0.468419
 901.000000 0.529337 0.595635 14.207263 0.469980 6.332700 0.402434
 902.000000 0.542155 0.596569 14.254763 0.511404 8.478675 0.419267
 903.000000 0.518273 0.603056 14.373160 0.492608 7.592956 0.392853
 904.000000 0.540347 0.594856 14.172020 0.476697 6.864540 0.404268
 905.000000 0.511850 0.592752 14.074689 0.530511 9.325117 0.367549
 906.000000 0.528893 0.572436 13.324634 0.493445 7.621839 0.320849
 907.000000 0.531632 0.616105 14.763561 0.475126 6.563910 0.449817
 908.000000 0.522878 0.586701 13.886469 0.467321 6.467944 0.399135
 909.000000 0.522922 0.609484 14.584870 0.493465 7.529166 0.453005
 910.000000 0.541996 0.596791 14.194627 0.477211 6.586878 0.392986
 911.000000 0.522094 0.583701 13.510693 0.457213 5.529557 0.358231
 912.000000 0.511524 0.556301 12.130326 0.446235 5.163445 0.337602
 913.000000 0.551517 0.596105 14.187009 0.455571 5.551311 0.390789
 914.000000 0.528419 0.604828 14.481305 0.476680 6.760730 0.413223
 915.000000 0.532424 0.620552 14.876406 0.518034 9.005312 0.470022
 916.000000 0.525948 0.610726 14.645782 0.479389 6.453481 0.410936
 917.000000 0.539115 0.601636 14.357231 0.504566 7.570064 0.447013
 918.000000 0.530296 0.590734 13.857411 0.510319 8.240514 0.409190
 919.000000 0.523669 0.574490 13.421540 0.467973 6.260253 0.368384
 920.000000 0.543078 0.555897 12.399267 0.447814 5.266118 0.339783
 921.000000 0.528833 0.609955 14.606159 0.486410 7.230883 0.427880
 922.000000 0.524367 0.593751 14.144031 0.476001 6.186611 0.389554
 923.000000 0.542249 0.613974 14.717735 0.486752 6.950575 0.451738
 924.000000 0.534669 0.601112 14.401014 0.498620 7.870177 0.399706
 925.000000 0.538457 0.607653 14.543412 0.524363 8.651367 0.410644
 926.000000 0.535992 0.613810 14.692559 0.500226 7.239864 0.490690
 927.000000 0.527184 0.595554 14.214756 0.456622 5.257375 0.343310
 928.000000 0.533425 0.603912 14.447510 0.488586 7.415753 0.430074
 929.000000 0.520280 0.609558 14.587451 0.477675 6.785215 0.435814
 930.000000 0.543670 0.603434 14.413147 0.478604 6.749911 0.433074
 931.000000 0.511875 0.605998 14.513772 0.490266 7.416072 0.425039
 932.000000 0.555252 0.603703 14.417645 0.491485 7.442720 0.433227
 933.000000 0.505915 0.561180 12.514456 0.443716 4.705811 0.297665
 934.000000 0.530045 0.610349 14.646666 0.482053 6.843614 0.433073
 935.000000 0.521068 0.601375 14.401223 0.441374 4.946002 0.386556
 936.000000 0.539063 0.603573 14.447818 0.474338 6.575951 0.441620
 937.000000 0.529265 0.572147 13.160327 0.459663 5.398191 0.326380
 938.000000 0.544486 0.598359 14.301554 0.463490 6.017356 0.394030
 939.000000 0.525106 0.606616 14.426309 0.491616 7.281678 0.463774
 940.000000 0.518192 0.542961 11.522115 0.468486 6.259788 0.401891
 941.000000 0.530382 0.591356 14.038392 0.525182 9.307675 0.385091
 942.000000 0.532548 0.613146 14.678212 0.502839 8.192380 0.431441
 943.000000 0.541295 0.622884 14.918342 0.488895 7.209556 0.471344
 944.000000 0.524666 0.608857 14.559226 0.466387 6.507346 0.443246
 945.000000 0.522889 0.596799 14.096218 0.451698 5.369533 0.421091
 946.000000 0.531677 0.598875 14.316380 0.482501 6.938267 0.390912
 947.000000 0.541382 0.611418 14.648182 0.489190 7.303897 0.458351
 948.000000 0.534630 0.604009 14.462714 0.460338 5.619183 0.426331
 949.000000 0.528766 0.610780 14.638062 0.524515 8.920417 0.440256
 950.000000 0.543989 0.617975 14.798358 0.462862 6.371863 0.452005
 951.000000 0.532813 0.599142 14.344369 0.495268 7.648111 0.412003
 952.000000 0.531852 0.581410 13.659699 0.474276 6.422608 0.390159
 953.000000 0.542716 0.623206 14.925831 0.507423 8.248031 0.484891
 954.000000 0.518861 0.607475 14.543900 0.470170 6.720219 0.414737
 955.000000 0.571391 0.608832 14.551937 0.481640 7.213196 0.442903
 956.000000 0.517731 0.574003 13.262855 0.468339 6.318936 0.340012
 957.000000 0.561202 0.620122 14.862330 0.506741 8.408308 0.496434
 958.000000 0.536254 0.600667 14.323613 0.489271 7.333105 0.412183
 959.000000 0.529244 0.626827 14.990877 0.483156 7.058756 0.466157
 960.000000 0.554874 0.605490 14.466234 0.500144 8.171519 0.496416
 961.000000 0.531399 0.601477 14.369596 0.477877 7.009766 0.406619
 962.000000 0.534837 0.621262 14.870411 0.500472 8.119501 0.456891
 963.000000 0.530266 0.616788 14.687716 0.447852 5.433987 0.463977
 964.000000 0.527847 0.607216 14.570880 0.479531 7.023679 0.429120
 965.000000 0.535454 0.617726 14.812134 0.493091 7.498319 0.480043
 966.000000 0.543592 0.624682 14.937872 0.506723 7.662768 0.454345
 967.000000 0.541724 0.622741 14.913779 0.463779 5.482099 0.469859
 968.000000 0.522311 0.626861 14.985562 0.491958 7.465544 0.470691
 969.000000 0.518142 0.594352 14.151687 0.477726 6.772433 0.375956
 970.000000 0.534247 0.604804 14.476172 0.477965 6.947475 0.408622
 971.000000 0.530254 0.605590 14.464835 0.496030 7.622693 0.399179
 972.000000 0.544074 0.570088 13.051510 0.440663 4.764335 0.313131
 973.000000 0.508205 0.570184 13.061485 0.450139 5.080460 0.379527
 974.000000 0.539980 0.586279 13.794360 0.504648 7.916387 0.367687
 975.000000 0.532183 0.606429 14.521691 0.480132 6.871965 0.448738
 976.000000 0.531352 0.601663 14.393195 0.472832 6.566794 0.416034
 977.000000 0.527955 0.543428 11.433149 0.469401 6.181477 0.298859
 978.000000 0.520843 0.585472 13.610356 0.454231 5.029229 0.405423
 979.000000 0.543488 0.611742 14.567748 0.449016 5.502985 0.437344
 980.000000 0.561549 0.612819 14.678510 0.450620 5.543480 0.446773
 981.000000 0.507834 0.617154 14.776683 0.491993 7.349235 0.444057
 982.000000 0.553034 0.576096 13.356192 0.479312 6.559667 0.371681
 983.000000 0.537570 0.600535 14.319660 0.503980 7.947542 0.408268
 984.000000 0.544929 0.570377 13.078574 0.461635 5.774448 0.358632
 985.000000 0.515233 0.589706 13.976347 0.464452 5.926831 0.371646
 986.000000 0.523100 0.571237 13.163764 0.460085 5.817076 0.362188
 987.000000 0.526513 0.606940 14.534207 0.504143 8.369216 0.414836
 988.000000 0.531799 0.612355 14.642556 0.490352 7.224378 0.443759
 989.000000 0.538848 0.623044 14.926368 0.508748 8.241471 0.470459
 990.000000 0.515687 0.588426 13.848506 0.487005 6.944253 0.350150
 991.000000 0.523954 0.595247 14.178579 0.458651 5.390372 0.416102
 992.000000 0.527638 0.589499 13.915921 0.487071 7.395806 0.387782
 993.000000 0.539668 0.614249 14.733375 0.488524 6.990795 0.454096
 994.000000 0.526521 0.596122 14.239687 0.479342 7.024043 0.435336
 995.000000 0.546066 0.574067 13.382030 0.469301 6.197615 0.371066
 996.000000 0.533221 0.597103 14.143280 0.492177 7.955161 0.399886
 997.000000 0.552899 0.594269 14.109388 0.481041 6.736013 0.386824
 998.000000 0.541513 0.604647 14.441406 0.535348 9.547975 0.431988
 999.000000 0.519433 0.616015 14.747820 0.486452 7.066859 0.446049
 1000.000000 0.576167 0.579737 13.407542 0.471262 6.752181 0.386594
