#! FIELDS refcv.morethan b1.fes
#! SET min_refcv.morethan 0.0
#! SET max_refcv.morethan 96.0
#! SET nbins_refcv.morethan  301
#! SET periodic_refcv.morethan false
    0.000000000    1.672905260
    0.320000000    0.000000000
    0.640000000    0.045895405
    0.960000000    1.156860453
    1.280000000    2.869996846
    1.600000000    4.867562554
    1.920000000    6.940485967
    2.240000000    8.959494406
    2.560000000   10.852513072
    2.880000000   12.587193333
    3.200000000   14.157605662
    3.520000000   15.574285671
    3.840000000   16.856954054
    4.160000000   18.029345311
    4.480000000   19.115678073
    4.800000000   20.138383533
    5.120000000   21.116779778
    5.440000000   22.066440138
    5.760000000   22.999054545
    6.080000000   23.922625480
    6.400000000   24.841875524
    6.720000000   25.758772825
    7.040000000   26.673104745
    7.360000000   27.583049443
    7.680000000   28.485710729
    8.000000000   29.377593886
    8.320000000   30.255009777
    8.640000000   31.114401886
    8.960000000   31.952596393
    9.280000000   32.766979286
    9.600000000   33.555607144
    9.920000000   34.317259896
   10.240000000   35.051444675
   10.560000000   35.758360160
   10.880000000   36.438830559
   11.200000000   37.094217841
   11.520000000   37.726320043
   11.840000000   38.337262556
   12.160000000   38.929388279
   12.480000000   39.505151537
   12.800000000   40.067019601
   13.120000000   40.617384751
   13.440000000   41.158488896
   13.760000000   41.692361985
   14.080000000   42.220774759
   14.400000000   42.745205764
   14.720000000   43.266822078
   15.040000000   43.786472795
   15.360000000   44.304694005
   15.680000000   44.821723800
   16.000000000   45.337525685
   16.320000000   45.851818724
   16.640000000   46.364112716
   16.960000000   46.873746784
   17.280000000   47.379929802
   17.600000000   47.881781229
   17.920000000   48.378371081
   18.240000000   48.868757903
   18.560000000   49.352023809
   18.880000000   49.827305831
   19.200000000   50.293822987
   19.520000000   50.750898679
   19.840000000   51.197978191
   20.160000000   51.634641181
   20.480000000   52.060609276
   20.800000000   52.475748917
   21.120000000   52.880069773
   21.440000000   53.273719117
   21.760000000   53.656972602
   22.080000000   54.030221968
   22.400000000   54.393960215
   22.720000000   54.748764829
   23.040000000   55.095279604
   23.360000000   55.434195658
   23.680000000   55.766232155
   24.000000000   56.092117257
   24.320000000   56.412569769
   24.640000000   56.728281897
   24.960000000   57.039903473
   25.280000000   57.348027965
   25.600000000   57.653180501
   25.920000000   57.955808099
   26.240000000   58.256272215
   26.560000000   58.554843669
   26.880000000   58.851699953
   27.200000000   59.146924870
   27.520000000   59.440510395
   27.840000000   59.732360628
   28.160000000   60.022297640
   28.480000000   60.310069010
   28.800000000   60.595356809
   29.120000000   60.877787767
   29.440000000   61.156944361
   29.760000000   61.432376533
   30.080000000   61.703613773
   30.400000000   61.970177277
   30.720000000   62.231591933
   31.040000000   62.487397873
   31.360000000   62.737161364
   31.680000000   62.980484841
   32.000000000   63.217015885
   32.320000000   63.446455008
   32.640000000   63.668562111
   32.960000000   63.883161532
   33.280000000   64.090145611
   33.600000000   64.289476762
   33.920000000   64.481188030
   34.240000000   64.665382182
   34.560000000   64.842229386
   34.880000000   65.011963551
   35.200000000   65.174877450
   35.520000000   65.331316749
   35.840000000   65.481673083
   36.160000000   65.626376338
   36.480000000   65.765886314
   36.800000000   65.900683942
   37.120000000   66.031262239
   37.440000000   66.158117176
   37.760000000   66.281738642
   38.080000000   66.402601682
   38.400000000   66.521158154
   38.720000000   66.637828985
   39.040000000   66.752997135
   39.360000000   66.867001408
   39.680000000   66.980131214
   40.000000000   67.092622352
   40.320000000   67.204653896
   40.640000000   67.316346212
   40.960000000   67.427760134
   41.280000000   67.538897297
   41.600000000   67.649701604
   41.920000000   67.760061781
   42.240000000   67.869814973
   42.560000000   67.978751279
   42.880000000   68.086619148
   43.200000000   68.193131519
   43.520000000   68.297972583
   43.840000000   68.400805027
   44.160000000   68.501277635
   44.480000000   68.599033088
   44.800000000   68.693715812
   45.120000000   68.784979744
   45.440000000   68.872495846
   45.760000000   68.955959248
   46.080000000   69.035095872
   46.400000000   69.109668424
   46.720000000   69.179481634
   47.040000000   69.244386657
   47.360000000   69.304284536
   47.680000000   69.359128686
   48.000000000   69.408926326
   48.320000000   69.453738845
   48.640000000   69.493681090
   48.960000000   69.528919588
   49.280000000   69.559669714
   49.600000000   69.586191888
   49.920000000   69.608786822
   50.240000000   69.627789944
   50.560000000   69.643565061
   50.880000000   69.656497399
   51.200000000   69.666986136
   51.520000000   69.675436555
   51.840000000   69.682251979
   52.160000000   69.687825617
   52.480000000   69.692532485
   52.800000000   69.696721551
   53.120000000   69.700708254
   53.440000000   69.704767540
   53.760000000   69.709127550
   54.080000000   69.713964101
   54.400000000   69.719396060
   54.720000000   69.725481713
   55.040000000   69.732216227
   55.360000000   69.739530257
   55.680000000   69.747289744
   56.000000000   69.755296943
   56.320000000   69.763292664
   56.640000000   69.770959724
   56.960000000   69.777927557
   57.280000000   69.783777926
   57.600000000   69.788051641
   57.920000000   69.790256182
   58.240000000   69.789874111
   58.560000000   69.786372102
   58.880000000   69.779210461
   59.200000000   69.767852940
   59.520000000   69.751776678
   59.840000000   69.730482070
   60.160000000   69.703502367
   60.480000000   69.670412830
   60.800000000   69.630839218
   61.120000000   69.584465456
   61.440000000   69.531040278
   61.760000000   69.470382703
   62.080000000   69.402386198
   62.400000000   69.327021387
   62.720000000   69.244337232
   63.040000000   69.154460586
   63.360000000   69.057594099
   63.680000000   68.954012437
   64.000000000   68.844056854
   64.320000000   68.728128160
   64.640000000   68.606678169
   64.960000000   68.480199759
   65.280000000   68.349215683
   65.600000000   68.214266333
   65.920000000   68.075896654
   66.240000000   67.934642474
   66.560000000   67.791016495
   66.880000000   67.645494238
   67.200000000   67.498500258
   67.520000000   67.350394909
   67.840000000   67.201462002
   68.160000000   67.051897654
   68.480000000   66.901800631
   68.800000000   66.751164477
   69.120000000   66.599871689
   69.440000000   66.447690182
   69.760000000   66.294272226
   70.080000000   66.139156029
   70.400000000   65.981770057
   70.720000000   65.821440154
   71.040000000   65.657399445
   71.360000000   65.488800952
   71.680000000   65.314732783
   72.000000000   65.134235695
   72.320000000   64.946322730
   72.640000000   64.750000610
   72.960000000   64.544292454
   73.280000000   64.328261357
   73.600000000   64.101034302
   73.920000000   63.861825828
   74.240000000   63.609960844
   74.560000000   63.344895943
   74.880000000   63.066238580
   75.200000000   62.773763448
   75.520000000   62.467425428
   75.840000000   62.147368522
   76.160000000   61.813930230
   76.480000000   61.467640896
   76.800000000   61.109217671
   77.120000000   60.739552823
   77.440000000   60.359696283
   77.760000000   59.970832457
   78.080000000   59.574251490
   78.400000000   59.171315389
   78.720000000   58.763419554
   79.040000000   58.351950501
   79.360000000   57.938240758
   79.680000000   57.523522091
   80.000000000   57.108878439
   80.320000000   56.695200071
   80.640000000   56.283140658
   80.960000000   55.873079042
   81.280000000   55.465087566
   81.600000000   55.058908829
   81.920000000   54.653942725
   82.240000000   54.249245457
   82.560000000   53.843542055
   82.880000000   53.435253638
   83.200000000   53.022540251
   83.520000000   52.603359654
   83.840000000   52.175541803
   84.160000000   51.736878106
   84.480000000   51.285223683
   84.800000000   50.818609980
   85.120000000   50.335364089
   85.440000000   49.834230069
   85.760000000   49.314486485
   86.080000000   48.776053293
   86.400000000   48.219580190
   86.720000000   47.646507639
   87.040000000   47.059091109
   87.360000000   46.460378671
   87.680000000   45.854132167
   88.000000000   45.244682795
   88.320000000   44.636713361
   88.640000000   44.034961813
   88.960000000   43.443844283
   89.280000000   42.867000941
   89.600000000   42.306774966
   89.920000000   41.763644088
   90.240000000   41.235636077
   90.560000000   40.717774662
   90.880000000   40.201621247
   91.200000000   39.675001210
   91.520000000   39.122032188
   91.840000000   38.523606516
   92.160000000   37.858521864
   92.480000000   37.105504164
   92.800000000   36.246426482
   93.120000000   35.271097844
   93.440000000   34.184078872
   93.760000000   33.014078020
   94.080000000   31.826595328
   94.400000000   30.740611960
   94.720000000   29.950275854
   95.040000000   29.752709237
   95.360000000   30.583265481
   95.680000000   33.059794046
   96.000000000   38.037736777
