#! FIELDS refcv hh dhh_refcv
#! SET normalisation  1000.000000
#! SET min_refcv -0.5
#! SET max_refcv 1.5
#! SET nbins_refcv  1000
#! SET periodic_refcv false
 -0.500000 0.000000 0.000000
 -0.498000 0.000000 0.000000
 -0.496000 0.000000 0.000000
 -0.494000 0.000000 0.000000
 -0.492000 0.000000 0.000000
 -0.490000 0.000000 0.000000
 -0.488000 0.000000 0.000000
 -0.486000 0.000000 0.000000
 -0.484000 0.000000 0.000000
 -0.482000 0.000000 0.000000
 -0.480000 0.000000 0.000000
 -0.478000 0.000000 0.000000
 -0.476000 0.000000 0.000000
 -0.474000 0.000000 0.000000
 -0.472000 0.000000 0.000000
 -0.470000 0.000000 0.000000
 -0.468000 0.000000 0.000000
 -0.466000 0.000000 0.000000
 -0.464000 0.000000 0.000000
 -0.462000 0.000000 0.000000
 -0.460000 0.000000 0.000000
 -0.458000 0.000000 0.000000
 -0.456000 0.000000 0.000000
 -0.454000 0.000000 0.000000
 -0.452000 0.000000 0.000000
 -0.450000 0.000000 0.000000
 -0.448000 0.000000 0.000000
 -0.446000 0.000000 0.000000
 -0.444000 0.000000 0.000000
 -0.442000 0.000000 0.000000
 -0.440000 0.000000 0.000000
 -0.438000 0.000000 0.000000
 -0.436000 0.000000 0.000000
 -0.434000 0.000000 0.000000
 -0.432000 0.000000 0.000000
 -0.430000 0.000000 0.000000
 -0.428000 0.000000 0.000000
 -0.426000 0.000000 0.000000
 -0.424000 0.000000 0.000000
 -0.422000 0.000000 0.000000
 -0.420000 0.000000 0.000000
 -0.418000 0.000000 0.000000
 -0.416000 0.000000 0.000000
 -0.414000 0.000000 0.000000
 -0.412000 0.000000 0.000000
 -0.410000 0.000000 0.000000
 -0.408000 0.000000 0.000000
 -0.406000 0.000000 0.000000
 -0.404000 0.000000 0.000000
 -0.402000 0.000000 0.000000
 -0.400000 0.000000 0.000000
 -0.398000 0.000000 0.000000
 -0.396000 0.000000 0.000000
 -0.394000 0.000000 0.000000
 -0.392000 0.000000 0.000000
 -0.390000 0.000000 0.000000
 -0.388000 0.000000 0.000000
 -0.386000 0.000000 0.000000
 -0.384000 0.000000 0.000000
 -0.382000 0.000000 0.000000
 -0.380000 0.000000 0.000000
 -0.378000 0.000000 0.000000
 -0.376000 0.000000 0.000000
 -0.374000 0.000000 0.000000
 -0.372000 0.000000 0.000000
 -0.370000 0.000000 0.000000
 -0.368000 0.000000 0.000000
 -0.366000 0.000000 0.000000
 -0.364000 0.000000 0.000000
 -0.362000 0.000000 0.000000
 -0.360000 0.000000 0.000000
 -0.358000 0.000000 0.000000
 -0.356000 0.000000 0.000000
 -0.354000 0.000000 0.000000
 -0.352000 0.000000 0.000000
 -0.350000 0.000000 0.000000
 -0.348000 0.000000 0.000000
 -0.346000 0.000000 0.000000
 -0.344000 0.000000 0.000000
 -0.342000 0.000000 0.000000
 -0.340000 0.000000 0.000000
 -0.338000 0.000000 0.000000
 -0.336000 0.000000 0.000000
 -0.334000 0.000000 0.000000
 -0.332000 0.000000 0.000000
 -0.330000 0.000000 0.000000
 -0.328000 0.000000 0.000000
 -0.326000 0.000000 0.000000
 -0.324000 0.000000 0.000000
 -0.322000 0.000000 0.000000
 -0.320000 0.000000 0.000000
 -0.318000 0.000000 0.000000
 -0.316000 0.000000 0.000000
 -0.314000 0.000000 0.000000
 -0.312000 0.000000 0.000000
 -0.310000 0.000000 0.000000
 -0.308000 0.000000 0.000000
 -0.306000 0.000000 0.000000
 -0.304000 0.000000 0.000000
 -0.302000 0.000000 0.000000
 -0.300000 0.000000 0.000000
 -0.298000 0.000000 0.000000
 -0.296000 0.000000 0.000000
 -0.294000 0.000000 0.000000
 -0.292000 0.000000 0.000000
 -0.290000 0.000000 0.000000
 -0.288000 0.000000 0.000000
 -0.286000 0.000000 0.000000
 -0.284000 0.000000 0.000000
 -0.282000 0.000000 0.000000
 -0.280000 0.000000 0.000000
 -0.278000 0.000000 0.000000
 -0.276000 0.000000 0.000000
 -0.274000 0.000000 0.000000
 -0.272000 0.000000 0.000000
 -0.270000 0.000000 0.000000
 -0.268000 0.000000 0.000000
 -0.266000 0.000000 0.000000
 -0.264000 0.000000 0.000000
 -0.262000 0.000000 0.000000
 -0.260000 0.000000 0.000000
 -0.258000 0.000000 0.000000
 -0.256000 0.000000 0.000000
 -0.254000 0.000000 0.000000
 -0.252000 0.000000 0.000000
 -0.250000 0.000000 0.000000
 -0.248000 0.000000 0.000000
 -0.246000 0.000000 0.000000
 -0.244000 0.000000 0.000000
 -0.242000 0.000000 0.000000
 -0.240000 0.000000 0.000000
 -0.238000 0.000000 0.000000
 -0.236000 0.000000 0.000000
 -0.234000 0.000000 0.000000
 -0.232000 0.000000 0.000000
 -0.230000 0.000000 0.000000
 -0.228000 0.000000 0.000000
 -0.226000 0.000000 0.000000
 -0.224000 0.000000 0.000000
 -0.222000 0.000000 0.000000
 -0.220000 0.000000 0.000000
 -0.218000 0.000000 0.000000
 -0.216000 0.000000 0.000000
 -0.214000 0.000000 0.000000
 -0.212000 0.000000 0.000000
 -0.210000 0.000000 0.000000
 -0.208000 0.000000 0.000000
 -0.206000 0.000000 0.000000
 -0.204000 0.000000 0.000000
 -0.202000 0.000000 0.000000
 -0.200000 0.000000 0.000000
 -0.198000 0.000000 0.000000
 -0.196000 0.000000 0.000000
 -0.194000 0.000000 0.000000
 -0.192000 0.000000 0.000000
 -0.190000 0.000000 0.000000
 -0.188000 0.000000 0.000000
 -0.186000 0.000000 0.000000
 -0.184000 0.000000 0.000000
 -0.182000 0.000000 0.000000
 -0.180000 0.000000 0.000000
 -0.178000 0.000000 0.000000
 -0.176000 0.000000 0.000000
 -0.174000 0.000000 0.000000
 -0.172000 0.000000 0.000000
 -0.170000 0.000000 0.000000
 -0.168000 0.000000 0.000000
 -0.166000 0.000000 0.000000
 -0.164000 0.000000 0.000000
 -0.162000 0.000000 0.000000
 -0.160000 0.000000 0.000000
 -0.158000 0.000000 0.000000
 -0.156000 0.000000 0.000000
 -0.154000 0.000000 0.000000
 -0.152000 0.000000 0.000000
 -0.150000 0.000000 0.000000
 -0.148000 0.000000 0.000000
 -0.146000 0.000000 0.000000
 -0.144000 0.000000 0.000000
 -0.142000 0.000000 0.000000
 -0.140000 0.000000 0.000000
 -0.138000 0.000000 0.000000
 -0.136000 0.000000 0.000000
 -0.134000 0.000000 0.000000
 -0.132000 0.000000 0.000000
 -0.130000 0.000000 0.000000
 -0.128000 0.000000 0.000000
 -0.126000 0.000000 0.000000
 -0.124000 0.000000 0.000000
 -0.122000 0.000000 0.000000
 -0.120000 0.000000 0.000000
 -0.118000 0.000000 0.000000
 -0.116000 0.000000 0.000000
 -0.114000 0.000000 0.000000
 -0.112000 0.000000 0.000000
 -0.110000 0.000000 0.000000
 -0.108000 0.000000 0.000000
 -0.106000 0.000000 0.000000
 -0.104000 0.000000 0.000000
 -0.102000 0.000000 0.000000
 -0.100000 0.000000 0.000000
 -0.098000 0.000000 0.000000
 -0.096000 0.000000 0.000000
 -0.094000 0.000000 0.000000
 -0.092000 0.000000 0.000000
 -0.090000 0.000000 0.000000
 -0.088000 0.000000 0.000000
 -0.086000 0.000000 0.000000
 -0.084000 0.000000 0.000000
 -0.082000 0.000000 0.000000
 -0.080000 0.000000 0.000000
 -0.078000 0.000000 0.000000
 -0.076000 0.000000 0.000000
 -0.074000 0.000000 0.000000
 -0.072000 0.000000 0.000000
 -0.070000 0.000000 0.000000
 -0.068000 0.000000 0.000000
 -0.066000 0.000000 0.000000
 -0.064000 0.000000 0.000000
 -0.062000 0.000000 0.000000
 -0.060000 0.000000 0.000000
 -0.058000 0.000000 0.000000
 -0.056000 0.000000 0.000000
 -0.054000 0.000000 0.000000
 -0.052000 0.000000 0.000000
 -0.050000 0.000000 0.000000
 -0.048000 0.000000 0.000000
 -0.046000 0.000000 0.000000
 -0.044000 0.000000 0.000000
 -0.042000 0.000000 0.000000
 -0.040000 0.000000 0.000000
 -0.038000 0.000000 0.000000
 -0.036000 0.000000 0.000000
 -0.034000 0.000000 0.000000
 -0.032000 0.000000 0.000000
 -0.030000 0.000000 0.000000
 -0.028000 0.000000 0.000000
 -0.026000 0.000000 0.000000
 -0.024000 0.000000 0.000000
 -0.022000 0.000000 0.000000
 -0.020000 0.000000 0.000000
 -0.018000 0.000000 0.000000
 -0.016000 0.000000 0.000000
 -0.014000 0.000000 0.000000
 -0.012000 0.000000 0.000000
 -0.010000 0.000000 0.000000
 -0.008000 0.000000 0.000000
 -0.006000 0.000000 0.000000
 -0.004000 0.000000 0.000000
 -0.002000 0.000000 0.000000
 0.000000 0.000000 0.000000
 0.002000 0.000000 0.000000
 0.004000 0.000000 0.000000
 0.006000 0.000000 0.000000
 0.008000 0.000000 0.000000
 0.010000 0.000000 0.000000
 0.012000 0.000000 0.000000
 0.014000 0.000000 0.000000
 0.016000 0.000000 0.000000
 0.018000 0.000000 0.000000
 0.020000 0.000000 0.000000
 0.022000 0.000000 0.000000
 0.024000 0.000000 0.000000
 0.026000 0.000000 0.000000
 0.028000 0.000000 0.000000
 0.030000 0.000000 0.000000
 0.032000 0.000000 0.000000
 0.034000 0.000000 0.000000
 0.036000 0.000000 0.000000
 0.038000 0.000000 0.000000
 0.040000 0.000000 0.000000
 0.042000 0.000000 0.000000
 0.044000 0.000000 0.000000
 0.046000 0.000000 0.000000
 0.048000 0.000000 0.000000
 0.050000 0.000000 0.000011
 0.052000 0.000000 0.000037
 0.054000 0.000000 0.000058
 0.056000 0.000001 0.000109
 0.058000 0.000001 0.000152
 0.060000 0.000002 0.000228
 0.062000 0.000002 0.000332
 0.064000 0.000004 0.000546
 0.066000 0.000006 0.000815
 0.068000 0.000009 0.001152
 0.070000 0.000013 0.001747
 0.072000 0.000019 0.002492
 0.074000 0.000026 0.003347
 0.076000 0.000037 0.004724
 0.078000 0.000051 0.006415
 0.080000 0.000070 0.008617
 0.082000 0.000093 0.011405
 0.084000 0.000124 0.014966
 0.086000 0.000166 0.019741
 0.088000 0.000218 0.025685
 0.090000 0.000286 0.033277
 0.092000 0.000373 0.042685
 0.094000 0.000483 0.054579
 0.096000 0.000621 0.069314
 0.098000 0.000798 0.087914
 0.100000 0.001019 0.110809
 0.102000 0.001289 0.138096
 0.104000 0.001625 0.171542
 0.106000 0.002043 0.212737
 0.108000 0.002551 0.261572
 0.110000 0.003169 0.320019
 0.112000 0.003924 0.390219
 0.114000 0.004837 0.473598
 0.116000 0.005939 0.572429
 0.118000 0.007262 0.688850
 0.120000 0.008843 0.825166
 0.122000 0.010731 0.985313
 0.124000 0.012969 1.171143
 0.126000 0.015620 1.387159
 0.128000 0.018736 1.635389
 0.130000 0.022392 1.920614
 0.132000 0.026669 2.247393
 0.134000 0.031661 2.621099
 0.136000 0.037456 3.045151
 0.138000 0.044164 3.525323
 0.140000 0.051908 4.067608
 0.142000 0.060805 4.675839
 0.144000 0.071002 5.356795
 0.146000 0.082651 6.116372
 0.148000 0.095911 6.960119
 0.150000 0.110953 7.893147
 0.152000 0.127962 8.921101
 0.154000 0.147136 10.049971
 0.156000 0.168692 11.286238
 0.158000 0.192844 12.634408
 0.160000 0.219804 14.096717
 0.162000 0.249813 15.678081
 0.164000 0.283116 17.382147
 0.166000 0.319961 19.211454
 0.168000 0.360609 21.168923
 0.170000 0.405296 23.252551
 0.172000 0.454272 25.461531
 0.174000 0.507810 27.797219
 0.176000 0.566148 30.255407
 0.178000 0.629525 32.831879
 0.180000 0.698171 35.520792
 0.182000 0.772301 38.315081
 0.184000 0.852115 41.205679
 0.186000 0.937812 44.184843
 0.188000 1.029542 47.239516
 0.190000 1.127447 50.357104
 0.192000 1.231639 53.523631
 0.194000 1.342192 56.722330
 0.196000 1.459155 59.936143
 0.198000 1.582552 63.148641
 0.200000 1.712349 66.339061
 0.202000 1.848491 69.488554
 0.204000 1.990866 72.574921
 0.206000 2.139332 75.577299
 0.208000 2.293689 78.472425
 0.210000 2.453709 81.238999
 0.212000 2.619111 83.854615
 0.214000 2.789564 86.296016
 0.216000 2.964701 88.541730
 0.218000 3.144116 90.571330
 0.220000 3.327348 92.363325
 0.222000 3.513902 93.898136
 0.224000 3.703241 95.156859
 0.226000 3.894808 96.124179
 0.228000 4.087993 96.783156
 0.230000 4.282167 97.120295
 0.232000 4.476685 97.125595
 0.234000 4.670862 96.787783
 0.236000 4.864006 96.099750
 0.238000 5.055408 95.055816
 0.240000 5.244360 93.654274
 0.242000 5.430144 91.894331
 0.244000 5.612046 89.778406
 0.246000 5.789359 87.311357
 0.248000 5.961385 84.499964
 0.250000 6.127439 81.352934
 0.252000 6.286866 77.883168
 0.254000 6.439042 74.105319
 0.256000 6.583359 70.035055
 0.258000 6.719255 65.691941
 0.260000 6.846196 61.094885
 0.262000 6.963708 56.267595
 0.264000 7.071345 51.232686
 0.266000 7.168719 46.015610
 0.268000 7.255497 40.643706
 0.270000 7.331384 35.141871
 0.272000 7.396156 29.539362
 0.274000 7.449636 23.863051
 0.276000 7.491710 18.142768
 0.278000 7.522312 12.405476
 0.280000 7.541438 6.680053
 0.282000 7.549139 0.993079
 0.284000 7.545521 -4.629821
 0.286000 7.530737 -10.161328
 0.288000 7.504986 -15.577461
 0.290000 7.468536 -20.856395
 0.292000 7.421674 -25.975953
 0.294000 7.364734 -30.915715
 0.296000 7.298099 -35.658438
 0.298000 7.222184 -40.186729
 0.300000 7.137423 -44.487465
 0.302000 7.044291 -48.548122
 0.304000 6.943268 -52.356967
 0.306000 6.834878 -55.907527
 0.308000 6.719635 -59.191749
 0.310000 6.598087 -62.207370
 0.312000 6.470765 -64.950574
 0.314000 6.338217 -67.419916
 0.316000 6.200985 -69.615516
 0.318000 6.059624 -71.541801
 0.320000 5.914660 -73.201981
 0.322000 5.766617 -74.601118
 0.324000 5.616022 -75.748082
 0.326000 5.463364 -76.649299
 0.328000 5.309125 -77.312961
 0.330000 5.153775 -77.749534
 0.332000 4.997761 -77.970281
 0.334000 4.841502 -77.985471
 0.336000 4.685395 -77.806342
 0.338000 4.529809 -77.443166
 0.340000 4.375103 -76.908515
 0.342000 4.221628 -76.217462
 0.344000 4.069676 -75.379676
 0.346000 3.919525 -74.406238
 0.348000 3.771433 -73.308858
 0.350000 3.625632 -72.097570
 0.352000 3.482355 -70.786691
 0.354000 3.341793 -69.386659
 0.356000 3.204092 -67.903965
 0.358000 3.069424 -66.350738
 0.360000 2.937918 -64.736323
 0.362000 2.809692 -63.070141
 0.364000 2.684841 -61.360710
 0.366000 2.563447 -59.616499
 0.368000 2.445559 -57.842954
 0.370000 2.331240 -56.049413
 0.372000 2.220526 -54.242563
 0.374000 2.113433 -52.428343
 0.376000 2.009976 -50.613741
 0.378000 1.910154 -48.804384
 0.380000 1.813936 -47.003742
 0.382000 1.721312 -45.218029
 0.384000 1.632237 -43.450538
 0.386000 1.546686 -41.707481
 0.388000 1.464595 -39.990838
 0.390000 1.385920 -38.305604
 0.392000 1.310588 -36.653476
 0.394000 1.238528 -35.037005
 0.396000 1.169676 -33.459542
 0.398000 1.103947 -31.922412
 0.400000 1.041251 -30.426087
 0.402000 0.981517 -28.974048
 0.404000 0.924653 -27.566346
 0.406000 0.870574 -26.204684
 0.408000 0.819173 -24.887517
 0.410000 0.770376 -23.617344
 0.412000 0.724084 -22.393758
 0.414000 0.680194 -21.215040
 0.416000 0.638629 -20.083190
 0.418000 0.599294 -18.997364
 0.420000 0.562098 -17.957244
 0.422000 0.526943 -16.960778
 0.424000 0.493746 -16.008289
 0.426000 0.462419 -15.098539
 0.428000 0.432876 -14.230520
 0.430000 0.405036 -13.403804
 0.432000 0.378825 -12.618143
 0.434000 0.354154 -11.871027
 0.436000 0.330942 -11.160799
 0.438000 0.309125 -10.487406
 0.440000 0.288622 -9.848723
 0.442000 0.269376 -9.244904
 0.444000 0.251306 -8.672679
 0.446000 0.234360 -8.132471
 0.448000 0.218472 -7.622414
 0.450000 0.203575 -7.139995
 0.452000 0.189629 -6.686321
 0.454000 0.176568 -6.258326
 0.456000 0.164349 -5.855956
 0.458000 0.152911 -5.476309
 0.460000 0.142220 -5.119902
 0.462000 0.132224 -4.784269
 0.464000 0.122884 -4.469032
 0.466000 0.114162 -4.173088
 0.468000 0.106015 -3.894765
 0.470000 0.098415 -3.633946
 0.472000 0.091322 -3.388885
 0.474000 0.084709 -3.159381
 0.476000 0.078546 -2.944418
 0.478000 0.072803 -2.743029
 0.480000 0.067449 -2.553560
 0.482000 0.062468 -2.376837
 0.484000 0.057832 -2.211220
 0.486000 0.053519 -2.056364
 0.488000 0.049509 -1.911493
 0.490000 0.045781 -1.775938
 0.492000 0.042319 -1.649413
 0.494000 0.039106 -1.531579
 0.496000 0.036122 -1.421304
 0.498000 0.033352 -1.318168
 0.500000 0.030782 -1.221676
 0.502000 0.028401 -1.131855
 0.504000 0.026196 -1.048275
 0.506000 0.024155 -0.970640
 0.508000 0.022266 -0.898356
 0.510000 0.020518 -0.830975
 0.512000 0.018900 -0.768156
 0.514000 0.017404 -0.709796
 0.516000 0.016022 -0.655533
 0.518000 0.014747 -0.605333
 0.520000 0.013570 -0.558796
 0.522000 0.012482 -0.515544
 0.524000 0.011479 -0.475558
 0.526000 0.010554 -0.438468
 0.528000 0.009700 -0.404087
 0.530000 0.008913 -0.372470
 0.532000 0.008187 -0.343067
 0.534000 0.007519 -0.316053
 0.536000 0.006905 -0.291346
 0.538000 0.006339 -0.268573
 0.540000 0.005816 -0.247365
 0.542000 0.005334 -0.227872
 0.544000 0.004890 -0.209873
 0.546000 0.004482 -0.193344
 0.548000 0.004105 -0.178158
 0.550000 0.003760 -0.164269
 0.552000 0.003440 -0.151306
 0.554000 0.003145 -0.139317
 0.556000 0.002874 -0.128249
 0.558000 0.002623 -0.117953
 0.560000 0.002393 -0.108394
 0.562000 0.002182 -0.099831
 0.564000 0.001988 -0.091700
 0.566000 0.001809 -0.084211
 0.568000 0.001646 -0.077310
 0.570000 0.001496 -0.070887
 0.572000 0.001358 -0.064935
 0.574000 0.001232 -0.059350
 0.576000 0.001117 -0.054151
 0.578000 0.001012 -0.049332
 0.580000 0.000917 -0.044819
 0.582000 0.000830 -0.040678
 0.584000 0.000751 -0.036896
 0.586000 0.000680 -0.033370
 0.588000 0.000615 -0.030070
 0.590000 0.000557 -0.027131
 0.592000 0.000505 -0.024397
 0.594000 0.000457 -0.021954
 0.596000 0.000415 -0.019778
 0.598000 0.000377 -0.017758
 0.600000 0.000343 -0.015985
 0.602000 0.000312 -0.014403
 0.604000 0.000284 -0.012941
 0.606000 0.000259 -0.011669
 0.608000 0.000236 -0.010532
 0.610000 0.000216 -0.009550
 0.612000 0.000197 -0.008698
 0.614000 0.000180 -0.007929
 0.616000 0.000165 -0.007265
 0.618000 0.000151 -0.006696
 0.620000 0.000138 -0.006181
 0.622000 0.000126 -0.005736
 0.624000 0.000114 -0.005311
 0.626000 0.000104 -0.004912
 0.628000 0.000094 -0.004572
 0.630000 0.000085 -0.004263
 0.632000 0.000077 -0.003970
 0.634000 0.000069 -0.003668
 0.636000 0.000062 -0.003393
 0.638000 0.000055 -0.003140
 0.640000 0.000049 -0.002905
 0.642000 0.000043 -0.002665
 0.644000 0.000038 -0.002379
 0.646000 0.000033 -0.002179
 0.648000 0.000029 -0.001984
 0.650000 0.000025 -0.001785
 0.652000 0.000022 -0.001605
 0.654000 0.000019 -0.001435
 0.656000 0.000016 -0.001274
 0.658000 0.000014 -0.001123
 0.660000 0.000012 -0.000972
 0.662000 0.000010 -0.000835
 0.664000 0.000008 -0.000724
 0.666000 0.000007 -0.000614
 0.668000 0.000006 -0.000526
 0.670000 0.000005 -0.000447
 0.672000 0.000004 -0.000377
 0.674000 0.000003 -0.000316
 0.676000 0.000002 -0.000263
 0.678000 0.000002 -0.000218
 0.680000 0.000002 -0.000179
 0.682000 0.000001 -0.000146
 0.684000 0.000001 -0.000118
 0.686000 0.000001 -0.000095
 0.688000 0.000001 -0.000076
 0.690000 0.000000 -0.000048
 0.692000 0.000000 -0.000038
 0.694000 0.000000 -0.000030
 0.696000 0.000000 -0.000024
 0.698000 0.000000 -0.000018
 0.700000 0.000000 -0.000014
 0.702000 0.000000 0.000000
 0.704000 0.000000 0.000000
 0.706000 0.000000 0.000000
 0.708000 0.000000 0.000000
 0.710000 0.000000 0.000000
 0.712000 0.000000 0.000000
 0.714000 0.000000 0.000000
 0.716000 0.000000 0.000000
 0.718000 0.000000 0.000000
 0.720000 0.000000 0.000000
 0.722000 0.000000 0.000000
 0.724000 0.000000 0.000000
 0.726000 0.000000 0.000000
 0.728000 0.000000 0.000000
 0.730000 0.000000 0.000000
 0.732000 0.000000 0.000000
 0.734000 0.000000 0.000000
 0.736000 0.000000 0.000000
 0.738000 0.000000 0.000000
 0.740000 0.000000 0.000000
 0.742000 0.000000 0.000000
 0.744000 0.000000 0.000000
 0.746000 0.000000 0.000000
 0.748000 0.000000 0.000000
 0.750000 0.000000 0.000000
 0.752000 0.000000 0.000000
 0.754000 0.000000 0.000000
 0.756000 0.000000 0.000000
 0.758000 0.000000 0.000000
 0.760000 0.000000 0.000000
 0.762000 0.000000 0.000000
 0.764000 0.000000 0.000000
 0.766000 0.000000 0.000000
 0.768000 0.000000 0.000000
 0.770000 0.000000 0.000000
 0.772000 0.000000 0.000000
 0.774000 0.000000 0.000000
 0.776000 0.000000 0.000000
 0.778000 0.000000 0.000000
 0.780000 0.000000 0.000000
 0.782000 0.000000 0.000000
 0.784000 0.000000 0.000000
 0.786000 0.000000 0.000000
 0.788000 0.000000 0.000000
 0.790000 0.000000 0.000000
 0.792000 0.000000 0.000000
 0.794000 0.000000 0.000000
 0.796000 0.000000 0.000000
 0.798000 0.000000 0.000000
 0.800000 0.000000 0.000000
 0.802000 0.000000 0.000000
 0.804000 0.000000 0.000000
 0.806000 0.000000 0.000000
 0.808000 0.000000 0.000000
 0.810000 0.000000 0.000000
 0.812000 0.000000 0.000000
 0.814000 0.000000 0.000000
 0.816000 0.000000 0.000000
 0.818000 0.000000 0.000000
 0.820000 0.000000 0.000000
 0.822000 0.000000 0.000000
 0.824000 0.000000 0.000000
 0.826000 0.000000 0.000000
 0.828000 0.000000 0.000000
 0.830000 0.000000 0.000000
 0.832000 0.000000 0.000000
 0.834000 0.000000 0.000000
 0.836000 0.000000 0.000000
 0.838000 0.000000 0.000000
 0.840000 0.000000 0.000000
 0.842000 0.000000 0.000000
 0.844000 0.000000 0.000000
 0.846000 0.000000 0.000000
 0.848000 0.000000 0.000000
 0.850000 0.000000 0.000000
 0.852000 0.000000 0.000000
 0.854000 0.000000 0.000000
 0.856000 0.000000 0.000000
 0.858000 0.000000 0.000000
 0.860000 0.000000 0.000000
 0.862000 0.000000 0.000000
 0.864000 0.000000 0.000000
 0.866000 0.000000 0.000000
 0.868000 0.000000 0.000000
 0.870000 0.000000 0.000000
 0.872000 0.000000 0.000000
 0.874000 0.000000 0.000000
 0.876000 0.000000 0.000000
 0.878000 0.000000 0.000000
 0.880000 0.000000 0.000000
 0.882000 0.000000 0.000000
 0.884000 0.000000 0.000000
 0.886000 0.000000 0.000000
 0.888000 0.000000 0.000000
 0.890000 0.000000 0.000000
 0.892000 0.000000 0.000000
 0.894000 0.000000 0.000000
 0.896000 0.000000 0.000000
 0.898000 0.000000 0.000000
 0.900000 0.000000 0.000000
 0.902000 0.000000 0.000000
 0.904000 0.000000 0.000000
 0.906000 0.000000 0.000000
 0.908000 0.000000 0.000000
 0.910000 0.000000 0.000000
 0.912000 0.000000 0.000000
 0.914000 0.000000 0.000000
 0.916000 0.000000 0.000000
 0.918000 0.000000 0.000000
 0.920000 0.000000 0.000000
 0.922000 0.000000 0.000000
 0.924000 0.000000 0.000000
 0.926000 0.000000 0.000000
 0.928000 0.000000 0.000000
 0.930000 0.000000 0.000000
 0.932000 0.000000 0.000000
 0.934000 0.000000 0.000000
 0.936000 0.000000 0.000000
 0.938000 0.000000 0.000000
 0.940000 0.000000 0.000000
 0.942000 0.000000 0.000000
 0.944000 0.000000 0.000000
 0.946000 0.000000 0.000000
 0.948000 0.000000 0.000000
 0.950000 0.000000 0.000000
 0.952000 0.000000 0.000000
 0.954000 0.000000 0.000000
 0.956000 0.000000 0.000000
 0.958000 0.000000 0.000000
 0.960000 0.000000 0.000000
 0.962000 0.000000 0.000000
 0.964000 0.000000 0.000000
 0.966000 0.000000 0.000000
 0.968000 0.000000 0.000000
 0.970000 0.000000 0.000000
 0.972000 0.000000 0.000000
 0.974000 0.000000 0.000000
 0.976000 0.000000 0.000000
 0.978000 0.000000 0.000000
 0.980000 0.000000 0.000000
 0.982000 0.000000 0.000000
 0.984000 0.000000 0.000000
 0.986000 0.000000 0.000000
 0.988000 0.000000 0.000000
 0.990000 0.000000 0.000000
 0.992000 0.000000 0.000000
 0.994000 0.000000 0.000000
 0.996000 0.000000 0.000000
 0.998000 0.000000 0.000000
 1.000000 0.000000 0.000000
 1.002000 0.000000 0.000000
 1.004000 0.000000 0.000000
 1.006000 0.000000 0.000000
 1.008000 0.000000 0.000000
 1.010000 0.000000 0.000000
 1.012000 0.000000 0.000000
 1.014000 0.000000 0.000000
 1.016000 0.000000 0.000000
 1.018000 0.000000 0.000000
 1.020000 0.000000 0.000000
 1.022000 0.000000 0.000000
 1.024000 0.000000 0.000000
 1.026000 0.000000 0.000000
 1.028000 0.000000 0.000000
 1.030000 0.000000 0.000000
 1.032000 0.000000 0.000000
 1.034000 0.000000 0.000000
 1.036000 0.000000 0.000000
 1.038000 0.000000 0.000000
 1.040000 0.000000 0.000000
 1.042000 0.000000 0.000000
 1.044000 0.000000 0.000000
 1.046000 0.000000 0.000000
 1.048000 0.000000 0.000000
 1.050000 0.000000 0.000000
 1.052000 0.000000 0.000000
 1.054000 0.000000 0.000000
 1.056000 0.000000 0.000000
 1.058000 0.000000 0.000000
 1.060000 0.000000 0.000000
 1.062000 0.000000 0.000000
 1.064000 0.000000 0.000000
 1.066000 0.000000 0.000000
 1.068000 0.000000 0.000000
 1.070000 0.000000 0.000000
 1.072000 0.000000 0.000000
 1.074000 0.000000 0.000000
 1.076000 0.000000 0.000000
 1.078000 0.000000 0.000000
 1.080000 0.000000 0.000000
 1.082000 0.000000 0.000000
 1.084000 0.000000 0.000000
 1.086000 0.000000 0.000000
 1.088000 0.000000 0.000000
 1.090000 0.000000 0.000000
 1.092000 0.000000 0.000000
 1.094000 0.000000 0.000000
 1.096000 0.000000 0.000000
 1.098000 0.000000 0.000000
 1.100000 0.000000 0.000000
 1.102000 0.000000 0.000000
 1.104000 0.000000 0.000000
 1.106000 0.000000 0.000000
 1.108000 0.000000 0.000000
 1.110000 0.000000 0.000000
 1.112000 0.000000 0.000000
 1.114000 0.000000 0.000000
 1.116000 0.000000 0.000000
 1.118000 0.000000 0.000000
 1.120000 0.000000 0.000000
 1.122000 0.000000 0.000000
 1.124000 0.000000 0.000000
 1.126000 0.000000 0.000000
 1.128000 0.000000 0.000000
 1.130000 0.000000 0.000000
 1.132000 0.000000 0.000000
 1.134000 0.000000 0.000000
 1.136000 0.000000 0.000000
 1.138000 0.000000 0.000000
 1.140000 0.000000 0.000000
 1.142000 0.000000 0.000000
 1.144000 0.000000 0.000000
 1.146000 0.000000 0.000000
 1.148000 0.000000 0.000000
 1.150000 0.000000 0.000000
 1.152000 0.000000 0.000000
 1.154000 0.000000 0.000000
 1.156000 0.000000 0.000000
 1.158000 0.000000 0.000000
 1.160000 0.000000 0.000000
 1.162000 0.000000 0.000000
 1.164000 0.000000 0.000000
 1.166000 0.000000 0.000000
 1.168000 0.000000 0.000000
 1.170000 0.000000 0.000000
 1.172000 0.000000 0.000000
 1.174000 0.000000 0.000000
 1.176000 0.000000 0.000000
 1.178000 0.000000 0.000000
 1.180000 0.000000 0.000000
 1.182000 0.000000 0.000000
 1.184000 0.000000 0.000000
 1.186000 0.000000 0.000000
 1.188000 0.000000 0.000000
 1.190000 0.000000 0.000000
 1.192000 0.000000 0.000000
 1.194000 0.000000 0.000000
 1.196000 0.000000 0.000000
 1.198000 0.000000 0.000000
 1.200000 0.000000 0.000000
 1.202000 0.000000 0.000000
 1.204000 0.000000 0.000000
 1.206000 0.000000 0.000000
 1.208000 0.000000 0.000000
 1.210000 0.000000 0.000000
 1.212000 0.000000 0.000000
 1.214000 0.000000 0.000000
 1.216000 0.000000 0.000000
 1.218000 0.000000 0.000000
 1.220000 0.000000 0.000000
 1.222000 0.000000 0.000000
 1.224000 0.000000 0.000000
 1.226000 0.000000 0.000000
 1.228000 0.000000 0.000000
 1.230000 0.000000 0.000000
 1.232000 0.000000 0.000000
 1.234000 0.000000 0.000000
 1.236000 0.000000 0.000000
 1.238000 0.000000 0.000000
 1.240000 0.000000 0.000000
 1.242000 0.000000 0.000000
 1.244000 0.000000 0.000000
 1.246000 0.000000 0.000000
 1.248000 0.000000 0.000000
 1.250000 0.000000 0.000000
 1.252000 0.000000 0.000000
 1.254000 0.000000 0.000000
 1.256000 0.000000 0.000000
 1.258000 0.000000 0.000000
 1.260000 0.000000 0.000000
 1.262000 0.000000 0.000000
 1.264000 0.000000 0.000000
 1.266000 0.000000 0.000000
 1.268000 0.000000 0.000000
 1.270000 0.000000 0.000000
 1.272000 0.000000 0.000000
 1.274000 0.000000 0.000000
 1.276000 0.000000 0.000000
 1.278000 0.000000 0.000000
 1.280000 0.000000 0.000000
 1.282000 0.000000 0.000000
 1.284000 0.000000 0.000000
 1.286000 0.000000 0.000000
 1.288000 0.000000 0.000000
 1.290000 0.000000 0.000000
 1.292000 0.000000 0.000000
 1.294000 0.000000 0.000000
 1.296000 0.000000 0.000000
 1.298000 0.000000 0.000000
 1.300000 0.000000 0.000000
 1.302000 0.000000 0.000000
 1.304000 0.000000 0.000000
 1.306000 0.000000 0.000000
 1.308000 0.000000 0.000000
 1.310000 0.000000 0.000000
 1.312000 0.000000 0.000000
 1.314000 0.000000 0.000000
 1.316000 0.000000 0.000000
 1.318000 0.000000 0.000000
 1.320000 0.000000 0.000000
 1.322000 0.000000 0.000000
 1.324000 0.000000 0.000000
 1.326000 0.000000 0.000000
 1.328000 0.000000 0.000000
 1.330000 0.000000 0.000000
 1.332000 0.000000 0.000000
 1.334000 0.000000 0.000000
 1.336000 0.000000 0.000000
 1.338000 0.000000 0.000000
 1.340000 0.000000 0.000000
 1.342000 0.000000 0.000000
 1.344000 0.000000 0.000000
 1.346000 0.000000 0.000000
 1.348000 0.000000 0.000000
 1.350000 0.000000 0.000000
 1.352000 0.000000 0.000000
 1.354000 0.000000 0.000000
 1.356000 0.000000 0.000000
 1.358000 0.000000 0.000000
 1.360000 0.000000 0.000000
 1.362000 0.000000 0.000000
 1.364000 0.000000 0.000000
 1.366000 0.000000 0.000000
 1.368000 0.000000 0.000000
 1.370000 0.000000 0.000000
 1.372000 0.000000 0.000000
 1.374000 0.000000 0.000000
 1.376000 0.000000 0.000000
 1.378000 0.000000 0.000000
 1.380000 0.000000 0.000000
 1.382000 0.000000 0.000000
 1.384000 0.000000 0.000000
 1.386000 0.000000 0.000000
 1.388000 0.000000 0.000000
 1.390000 0.000000 0.000000
 1.392000 0.000000 0.000000
 1.394000 0.000000 0.000000
 1.396000 0.000000 0.000000
 1.398000 0.000000 0.000000
 1.400000 0.000000 0.000000
 1.402000 0.000000 0.000000
 1.404000 0.000000 0.000000
 1.406000 0.000000 0.000000
 1.408000 0.000000 0.000000
 1.410000 0.000000 0.000000
 1.412000 0.000000 0.000000
 1.414000 0.000000 0.000000
 1.416000 0.000000 0.000000
 1.418000 0.000000 0.000000
 1.420000 0.000000 0.000000
 1.422000 0.000000 0.000000
 1.424000 0.000000 0.000000
 1.426000 0.000000 0.000000
 1.428000 0.000000 0.000000
 1.430000 0.000000 0.000000
 1.432000 0.000000 0.000000
 1.434000 0.000000 0.000000
 1.436000 0.000000 0.000000
 1.438000 0.000000 0.000000
 1.440000 0.000000 0.000000
 1.442000 0.000000 0.000000
 1.444000 0.000000 0.000000
 1.446000 0.000000 0.000000
 1.448000 0.000000 0.000000
 1.450000 0.000000 0.000000
 1.452000 0.000000 0.000000
 1.454000 0.000000 0.000000
 1.456000 0.000000 0.000000
 1.458000 0.000000 0.000000
 1.460000 0.000000 0.000000
 1.462000 0.000000 0.000000
 1.464000 0.000000 0.000000
 1.466000 0.000000 0.000000
 1.468000 0.000000 0.000000
 1.470000 0.000000 0.000000
 1.472000 0.000000 0.000000
 1.474000 0.000000 0.000000
 1.476000 0.000000 0.000000
 1.478000 0.000000 0.000000
 1.480000 0.000000 0.000000
 1.482000 0.000000 0.000000
 1.484000 0.000000 0.000000
 1.486000 0.000000 0.000000
 1.488000 0.000000 0.000000
 1.490000 0.000000 0.000000
 1.492000 0.000000 0.000000
 1.494000 0.000000 0.000000
 1.496000 0.000000 0.000000
 1.498000 0.000000 0.000000
 1.500000 0.000000 0.000000
