#! FIELDS refcv hh dhh_refcv
#! SET normalisation  1000.000000
#! SET min_refcv -0.5
#! SET max_refcv 1.5
#! SET nbins_refcv  1000
#! SET periodic_refcv false
 -0.500000 0.000000 0.000000
 -0.498000 0.000000 0.000000
 -0.496000 0.000000 0.000000
 -0.494000 0.000000 0.000000
 -0.492000 0.000000 0.000000
 -0.490000 0.000000 0.000000
 -0.488000 0.000000 0.000000
 -0.486000 0.000000 0.000000
 -0.484000 0.000000 0.000000
 -0.482000 0.000000 0.000000
 -0.480000 0.000000 0.000000
 -0.478000 0.000000 0.000000
 -0.476000 0.000000 0.000000
 -0.474000 0.000000 0.000000
 -0.472000 0.000000 0.000000
 -0.470000 0.000000 0.000000
 -0.468000 0.000000 0.000000
 -0.466000 0.000000 0.000000
 -0.464000 0.000000 0.000000
 -0.462000 0.000000 0.000000
 -0.460000 0.000000 0.000000
 -0.458000 0.000000 0.000000
 -0.456000 0.000000 0.000000
 -0.454000 0.000000 0.000000
 -0.452000 0.000000 0.000000
 -0.450000 0.000000 0.000000
 -0.448000 0.000000 0.000000
 -0.446000 0.000000 0.000000
 -0.444000 0.000000 0.000000
 -0.442000 0.000000 0.000000
 -0.440000 0.000000 0.000000
 -0.438000 0.000000 0.000000
 -0.436000 0.000000 0.000000
 -0.434000 0.000000 0.000000
 -0.432000 0.000000 0.000000
 -0.430000 0.000000 0.000000
 -0.428000 0.000000 0.000000
 -0.426000 0.000000 0.000000
 -0.424000 0.000000 0.000000
 -0.422000 0.000000 0.000000
 -0.420000 0.000000 0.000000
 -0.418000 0.000000 0.000000
 -0.416000 0.000000 0.000000
 -0.414000 0.000000 0.000000
 -0.412000 0.000000 0.000000
 -0.410000 0.000000 0.000000
 -0.408000 0.000000 0.000000
 -0.406000 0.000000 0.000000
 -0.404000 0.000000 0.000000
 -0.402000 0.000000 0.000000
 -0.400000 0.000000 0.000000
 -0.398000 0.000000 0.000000
 -0.396000 0.000000 0.000000
 -0.394000 0.000000 0.000000
 -0.392000 0.000000 0.000000
 -0.390000 0.000000 0.000000
 -0.388000 0.000000 0.000000
 -0.386000 0.000000 0.000000
 -0.384000 0.000000 0.000000
 -0.382000 0.000000 0.000000
 -0.380000 0.000000 0.000000
 -0.378000 0.000000 0.000000
 -0.376000 0.000000 0.000000
 -0.374000 0.000000 0.000000
 -0.372000 0.000000 0.000000
 -0.370000 0.000000 0.000000
 -0.368000 0.000000 0.000000
 -0.366000 0.000000 0.000000
 -0.364000 0.000000 0.000000
 -0.362000 0.000000 0.000000
 -0.360000 0.000000 0.000000
 -0.358000 0.000000 0.000000
 -0.356000 0.000000 0.000000
 -0.354000 0.000000 0.000000
 -0.352000 0.000000 0.000000
 -0.350000 0.000000 0.000000
 -0.348000 0.000000 0.000000
 -0.346000 0.000000 0.000000
 -0.344000 0.000000 0.000000
 -0.342000 0.000000 0.000000
 -0.340000 0.000000 0.000000
 -0.338000 0.000000 0.000000
 -0.336000 0.000000 0.000000
 -0.334000 0.000000 0.000000
 -0.332000 0.000000 0.000000
 -0.330000 0.000000 0.000000
 -0.328000 0.000000 0.000000
 -0.326000 0.000000 0.000000
 -0.324000 0.000000 0.000000
 -0.322000 0.000000 0.000000
 -0.320000 0.000000 0.000000
 -0.318000 0.000000 0.000000
 -0.316000 0.000000 0.000000
 -0.314000 0.000000 0.000000
 -0.312000 0.000000 0.000000
 -0.310000 0.000000 0.000000
 -0.308000 0.000000 0.000000
 -0.306000 0.000000 0.000000
 -0.304000 0.000000 0.000000
 -0.302000 0.000000 0.000000
 -0.300000 0.000000 0.000000
 -0.298000 0.000000 0.000000
 -0.296000 0.000000 0.000000
 -0.294000 0.000000 0.000000
 -0.292000 0.000000 0.000000
 -0.290000 0.000000 0.000000
 -0.288000 0.000000 0.000000
 -0.286000 0.000000 0.000000
 -0.284000 0.000000 0.000000
 -0.282000 0.000000 0.000000
 -0.280000 0.000000 0.000000
 -0.278000 0.000000 0.000000
 -0.276000 0.000000 0.000000
 -0.274000 0.000000 0.000000
 -0.272000 0.000000 0.000000
 -0.270000 0.000000 0.000000
 -0.268000 0.000000 0.000000
 -0.266000 0.000000 0.000000
 -0.264000 0.000000 0.000000
 -0.262000 0.000000 0.000000
 -0.260000 0.000000 0.000000
 -0.258000 0.000000 0.000000
 -0.256000 0.000000 0.000000
 -0.254000 0.000000 0.000000
 -0.252000 0.000000 0.000000
 -0.250000 0.000000 0.000000
 -0.248000 0.000000 0.000000
 -0.246000 0.000000 0.000000
 -0.244000 0.000000 0.000000
 -0.242000 0.000000 0.000000
 -0.240000 0.000000 0.000000
 -0.238000 0.000000 0.000000
 -0.236000 0.000000 0.000000
 -0.234000 0.000000 0.000000
 -0.232000 0.000000 0.000000
 -0.230000 0.000000 0.000000
 -0.228000 0.000000 0.000000
 -0.226000 0.000000 0.000000
 -0.224000 0.000000 0.000000
 -0.222000 0.000000 0.000000
 -0.220000 0.000000 0.000000
 -0.218000 0.000000 0.000000
 -0.216000 0.000000 0.000000
 -0.214000 0.000000 0.000000
 -0.212000 0.000000 0.000000
 -0.210000 0.000000 0.000000
 -0.208000 0.000000 0.000000
 -0.206000 0.000000 0.000000
 -0.204000 0.000000 0.000000
 -0.202000 0.000000 0.000000
 -0.200000 0.000000 0.000000
 -0.198000 0.000000 0.000000
 -0.196000 0.000000 0.000000
 -0.194000 0.000000 0.000000
 -0.192000 0.000000 0.000000
 -0.190000 0.000000 0.000000
 -0.188000 0.000000 0.000000
 -0.186000 0.000000 0.000000
 -0.184000 0.000000 0.000000
 -0.182000 0.000000 0.000000
 -0.180000 0.000000 0.000000
 -0.178000 0.000000 0.000000
 -0.176000 0.000000 0.000000
 -0.174000 0.000000 0.000000
 -0.172000 0.000000 0.000000
 -0.170000 0.000000 0.000000
 -0.168000 0.000000 0.000000
 -0.166000 0.000000 0.000000
 -0.164000 0.000000 0.000000
 -0.162000 0.000000 0.000000
 -0.160000 0.000000 0.000000
 -0.158000 0.000000 0.000000
 -0.156000 0.000000 0.000000
 -0.154000 0.000000 0.000000
 -0.152000 0.000000 0.000000
 -0.150000 0.000000 0.000000
 -0.148000 0.000000 0.000000
 -0.146000 0.000000 0.000000
 -0.144000 0.000000 0.000000
 -0.142000 0.000000 0.000000
 -0.140000 0.000000 0.000000
 -0.138000 0.000000 0.000000
 -0.136000 0.000000 0.000000
 -0.134000 0.000000 0.000000
 -0.132000 0.000000 0.000000
 -0.130000 0.000000 0.000000
 -0.128000 0.000000 0.000000
 -0.126000 0.000000 0.000000
 -0.124000 0.000000 0.000000
 -0.122000 0.000000 0.000000
 -0.120000 0.000000 0.000000
 -0.118000 0.000000 0.000000
 -0.116000 0.000000 0.000000
 -0.114000 0.000000 0.000000
 -0.112000 0.000000 0.000000
 -0.110000 0.000000 0.000000
 -0.108000 0.000000 0.000000
 -0.106000 0.000000 0.000000
 -0.104000 0.000000 0.000000
 -0.102000 0.000000 0.000000
 -0.100000 0.000000 0.000000
 -0.098000 0.000000 0.000000
 -0.096000 0.000000 0.000000
 -0.094000 0.000000 0.000000
 -0.092000 0.000000 0.000000
 -0.090000 0.000000 0.000000
 -0.088000 0.000000 0.000000
 -0.086000 0.000000 0.000000
 -0.084000 0.000000 0.000000
 -0.082000 0.000000 0.000000
 -0.080000 0.000000 0.000000
 -0.078000 0.000000 0.000000
 -0.076000 0.000000 0.000000
 -0.074000 0.000000 0.000000
 -0.072000 0.000000 0.000000
 -0.070000 0.000000 0.000000
 -0.068000 0.000000 0.000000
 -0.066000 0.000000 0.000000
 -0.064000 0.000000 0.000000
 -0.062000 0.000000 0.000000
 -0.060000 0.000000 0.000000
 -0.058000 0.000000 0.000000
 -0.056000 0.000000 0.000000
 -0.054000 0.000000 0.000000
 -0.052000 0.000000 0.000000
 -0.050000 0.000000 0.000000
 -0.048000 0.000000 0.000000
 -0.046000 0.000000 0.000000
 -0.044000 0.000000 0.000000
 -0.042000 0.000000 0.000000
 -0.040000 0.000000 0.000000
 -0.038000 0.000000 0.000000
 -0.036000 0.000000 0.000000
 -0.034000 0.000000 0.000000
 -0.032000 0.000000 0.000000
 -0.030000 0.000000 0.000000
 -0.028000 0.000000 0.000000
 -0.026000 0.000000 0.000000
 -0.024000 0.000000 0.000000
 -0.022000 0.000000 0.000000
 -0.020000 0.000000 0.000000
 -0.018000 0.000000 0.000000
 -0.016000 0.000000 0.000000
 -0.014000 0.000000 0.000000
 -0.012000 0.000000 0.000000
 -0.010000 0.000000 0.000000
 -0.008000 0.000000 0.000000
 -0.006000 0.000000 0.000000
 -0.004000 0.000000 0.000000
 -0.002000 0.000000 0.000000
 0.000000 0.000000 0.000000
 0.002000 0.000000 0.000000
 0.004000 0.000000 0.000000
 0.006000 0.000000 0.000000
 0.008000 0.000000 0.000000
 0.010000 0.000000 0.000000
 0.012000 0.000000 0.000000
 0.014000 0.000000 0.000000
 0.016000 0.000000 0.000000
 0.018000 0.000000 0.000000
 0.020000 0.000000 0.000000
 0.022000 0.000000 0.000000
 0.024000 0.000000 0.000000
 0.026000 0.000000 0.000000
 0.028000 0.000000 0.000000
 0.030000 0.000000 0.000000
 0.032000 0.000000 0.000000
 0.034000 0.000000 0.000000
 0.036000 0.000000 0.000000
 0.038000 0.000000 0.000000
 0.040000 0.000000 0.000000
 0.042000 0.000000 0.000000
 0.044000 0.000000 0.000000
 0.046000 0.000000 0.000000
 0.048000 0.000000 0.000000
 0.050000 0.000000 0.000000
 0.052000 0.000000 0.000000
 0.054000 0.000000 0.000000
 0.056000 0.000000 0.000000
 0.058000 0.000000 0.000000
 0.060000 0.000000 0.000000
 0.062000 0.000000 0.000000
 0.064000 0.000000 0.000000
 0.066000 0.000000 0.000000
 0.068000 0.000000 0.000000
 0.070000 0.000000 0.000000
 0.072000 0.000000 0.000000
 0.074000 0.000000 0.000000
 0.076000 0.000000 0.000000
 0.078000 0.000000 0.000000
 0.080000 0.000000 0.000000
 0.082000 0.000000 0.000000
 0.084000 0.000000 0.000000
 0.086000 0.000000 0.000000
 0.088000 0.000000 0.000000
 0.090000 0.000000 0.000000
 0.092000 0.000000 0.000000
 0.094000 0.000000 0.000000
 0.096000 0.000000 0.000000
 0.098000 0.000000 0.000000
 0.100000 0.000000 0.000000
 0.102000 0.000000 0.000000
 0.104000 0.000000 0.000000
 0.106000 0.000000 0.000000
 0.108000 0.000000 0.000000
 0.110000 0.000000 0.000000
 0.112000 0.000000 0.000000
 0.114000 0.000000 0.000000
 0.116000 0.000000 0.000000
 0.118000 0.000000 0.000000
 0.120000 0.000000 0.000000
 0.122000 0.000000 0.000000
 0.124000 0.000000 0.000000
 0.126000 0.000000 0.000000
 0.128000 0.000000 0.000000
 0.130000 0.000000 0.000000
 0.132000 0.000000 0.000000
 0.134000 0.000000 0.000000
 0.136000 0.000000 0.000000
 0.138000 0.000000 0.000000
 0.140000 0.000000 0.000000
 0.142000 0.000000 0.000000
 0.144000 0.000000 0.000000
 0.146000 0.000000 0.000000
 0.148000 0.000000 0.000000
 0.150000 0.000000 0.000000
 0.152000 0.000000 0.000000
 0.154000 0.000000 0.000000
 0.156000 0.000000 0.000000
 0.158000 0.000000 0.000000
 0.160000 0.000000 0.000000
 0.162000 0.000000 0.000000
 0.164000 0.000000 0.000000
 0.166000 0.000000 0.000000
 0.168000 0.000000 0.000000
 0.170000 0.000000 0.000000
 0.172000 0.000000 0.000000
 0.174000 0.000000 0.000000
 0.176000 0.000000 0.000000
 0.178000 0.000000 0.000000
 0.180000 0.000000 0.000000
 0.182000 0.000000 0.000000
 0.184000 0.000000 0.000000
 0.186000 0.000000 0.000000
 0.188000 0.000000 0.000000
 0.190000 0.000000 0.000000
 0.192000 0.000000 0.000000
 0.194000 0.000000 0.000000
 0.196000 0.000000 0.000000
 0.198000 0.000000 0.000010
 0.200000 0.000000 0.000013
 0.202000 0.000000 0.000017
 0.204000 0.000000 0.000022
 0.206000 0.000000 0.000029
 0.208000 0.000000 0.000036
 0.210000 0.000000 0.000046
 0.212000 0.000000 0.000057
 0.214000 0.000001 0.000071
 0.216000 0.000001 0.000088
 0.218000 0.000001 0.000108
 0.220000 0.000001 0.000131
 0.222000 0.000001 0.000159
 0.224000 0.000002 0.000191
 0.226000 0.000002 0.000227
 0.228000 0.000003 0.000268
 0.230000 0.000003 0.000315
 0.232000 0.000004 0.000367
 0.234000 0.000005 0.000424
 0.236000 0.000006 0.000486
 0.238000 0.000007 0.000553
 0.240000 0.000008 0.000624
 0.242000 0.000009 0.000699
 0.244000 0.000011 0.000777
 0.246000 0.000012 0.000855
 0.248000 0.000014 0.000934
 0.250000 0.000016 0.001012
 0.252000 0.000018 0.001085
 0.254000 0.000020 0.001154
 0.256000 0.000023 0.001215
 0.258000 0.000025 0.001267
 0.260000 0.000028 0.001307
 0.262000 0.000031 0.001344
 0.264000 0.000033 0.001358
 0.266000 0.000036 0.001356
 0.268000 0.000039 0.001337
 0.270000 0.000041 0.001300
 0.272000 0.000044 0.001246
 0.274000 0.000046 0.001173
 0.276000 0.000049 0.001084
 0.278000 0.000051 0.000980
 0.280000 0.000052 0.000862
 0.282000 0.000054 0.000733
 0.284000 0.000055 0.000597
 0.286000 0.000056 0.000455
 0.288000 0.000057 0.000313
 0.290000 0.000058 0.000173
 0.292000 0.000058 0.000039
 0.294000 0.000058 -0.000086
 0.296000 0.000058 -0.000197
 0.298000 0.000057 -0.000292
 0.300000 0.000056 -0.000369
 0.302000 0.000056 -0.000426
 0.304000 0.000055 -0.000451
 0.306000 0.000054 -0.000451
 0.308000 0.000053 -0.000413
 0.310000 0.000052 -0.000358
 0.312000 0.000052 -0.000275
 0.314000 0.000051 -0.000178
 0.316000 0.000051 -0.000060
 0.318000 0.000051 0.000101
 0.320000 0.000052 0.000273
 0.322000 0.000053 0.000455
 0.324000 0.000054 0.000675
 0.326000 0.000055 0.000906
 0.328000 0.000057 0.001145
 0.330000 0.000060 0.001432
 0.332000 0.000063 0.001715
 0.334000 0.000067 0.002019
 0.336000 0.000072 0.002368
 0.338000 0.000077 0.002750
 0.340000 0.000083 0.003150
 0.342000 0.000090 0.003599
 0.344000 0.000097 0.004085
 0.346000 0.000106 0.004640
 0.348000 0.000116 0.005255
 0.350000 0.000127 0.005936
 0.352000 0.000140 0.006676
 0.354000 0.000154 0.007476
 0.356000 0.000170 0.008389
 0.358000 0.000188 0.009352
 0.360000 0.000208 0.010387
 0.362000 0.000230 0.011502
 0.364000 0.000254 0.012684
 0.366000 0.000281 0.013934
 0.368000 0.000310 0.015259
 0.370000 0.000343 0.016614
 0.372000 0.000377 0.018002
 0.374000 0.000415 0.019391
 0.376000 0.000455 0.020813
 0.378000 0.000499 0.022230
 0.380000 0.000545 0.023647
 0.382000 0.000593 0.025013
 0.384000 0.000645 0.026354
 0.386000 0.000699 0.027640
 0.388000 0.000756 0.028932
 0.390000 0.000816 0.030198
 0.392000 0.000878 0.031400
 0.394000 0.000942 0.032564
 0.396000 0.001009 0.033728
 0.398000 0.001078 0.034846
 0.400000 0.001149 0.036049
 0.402000 0.001223 0.037305
 0.404000 0.001300 0.038562
 0.406000 0.001379 0.039925
 0.408000 0.001461 0.041453
 0.410000 0.001546 0.043083
 0.412000 0.001634 0.044934
 0.414000 0.001727 0.047001
 0.416000 0.001824 0.049255
 0.418000 0.001925 0.051811
 0.420000 0.002033 0.054701
 0.422000 0.002146 0.057875
 0.424000 0.002266 0.061425
 0.426000 0.002394 0.065267
 0.428000 0.002529 0.069501
 0.430000 0.002675 0.074255
 0.432000 0.002830 0.079354
 0.434000 0.002995 0.084870
 0.436000 0.003172 0.090709
 0.438000 0.003361 0.097020
 0.440000 0.003563 0.103815
 0.442000 0.003780 0.111100
 0.444000 0.004011 0.118675
 0.446000 0.004257 0.126625
 0.448000 0.004520 0.135004
 0.450000 0.004801 0.143829
 0.452000 0.005099 0.153084
 0.454000 0.005416 0.162603
 0.456000 0.005753 0.172628
 0.458000 0.006110 0.183096
 0.460000 0.006489 0.193914
 0.462000 0.006890 0.205211
 0.464000 0.007314 0.216971
 0.466000 0.007762 0.229071
 0.468000 0.008235 0.241671
 0.470000 0.008734 0.254715
 0.472000 0.009260 0.268234
 0.474000 0.009813 0.282217
 0.476000 0.010395 0.296711
 0.478000 0.011008 0.311739
 0.480000 0.011650 0.327167
 0.482000 0.012324 0.343028
 0.484000 0.013029 0.359363
 0.486000 0.013768 0.376094
 0.488000 0.014542 0.393419
 0.490000 0.015349 0.411005
 0.492000 0.016194 0.429198
 0.494000 0.017075 0.447652
 0.496000 0.017995 0.466824
 0.498000 0.018953 0.486419
 0.500000 0.019951 0.506575
 0.502000 0.020991 0.527304
 0.504000 0.022072 0.548620
 0.506000 0.023198 0.570889
 0.508000 0.024369 0.593820
 0.510000 0.025588 0.617852
 0.512000 0.026855 0.642859
 0.514000 0.028173 0.669041
 0.516000 0.029545 0.696469
 0.518000 0.030975 0.725744
 0.520000 0.032466 0.756760
 0.522000 0.034020 0.789509
 0.524000 0.035643 0.824396
 0.526000 0.037338 0.861635
 0.528000 0.039110 0.901238
 0.530000 0.040964 0.943391
 0.532000 0.042905 0.988239
 0.534000 0.044940 1.035983
 0.536000 0.047074 1.086593
 0.538000 0.049313 1.140298
 0.540000 0.051661 1.196815
 0.542000 0.054127 1.256342
 0.544000 0.056716 1.319147
 0.546000 0.059433 1.384621
 0.548000 0.062286 1.453452
 0.550000 0.065278 1.524879
 0.552000 0.068418 1.599350
 0.554000 0.071708 1.676293
 0.556000 0.075159 1.756272
 0.558000 0.078770 1.838732
 0.560000 0.082549 1.923832
 0.562000 0.086504 2.011758
 0.564000 0.090637 2.102093
 0.566000 0.094955 2.195356
 0.568000 0.099464 2.291424
 0.570000 0.104166 2.389978
 0.572000 0.109071 2.491722
 0.574000 0.114184 2.596482
 0.576000 0.119508 2.703889
 0.578000 0.125053 2.815027
 0.580000 0.130826 2.929699
 0.582000 0.136829 3.047540
 0.584000 0.143075 3.169570
 0.586000 0.149572 3.295840
 0.588000 0.156323 3.425915
 0.590000 0.163340 3.560664
 0.592000 0.170636 3.700447
 0.594000 0.178215 3.844935
 0.596000 0.186089 3.994536
 0.598000 0.194268 4.149329
 0.600000 0.202764 4.309784
 0.602000 0.211587 4.475987
 0.604000 0.220756 4.648857
 0.606000 0.230272 4.827266
 0.608000 0.240155 5.012247
 0.610000 0.250418 5.204247
 0.612000 0.261068 5.402485
 0.614000 0.272124 5.607686
 0.616000 0.283601 5.819980
 0.618000 0.295514 6.039695
 0.620000 0.307876 6.267175
 0.622000 0.320699 6.501836
 0.624000 0.334002 6.744232
 0.626000 0.347798 6.993928
 0.628000 0.362102 7.251329
 0.630000 0.376934 7.517010
 0.632000 0.392306 7.790436
 0.634000 0.408233 8.071673
 0.636000 0.424736 8.361110
 0.638000 0.441827 8.658771
 0.640000 0.459524 8.964517
 0.642000 0.477845 9.278699
 0.644000 0.496803 9.601080
 0.646000 0.516412 9.931183
 0.648000 0.536693 10.269503
 0.650000 0.557665 10.616736
 0.652000 0.579338 10.971911
 0.654000 0.601741 11.336900
 0.656000 0.624876 11.709472
 0.658000 0.648771 12.091510
 0.660000 0.673448 12.483665
 0.662000 0.698921 12.885060
 0.664000 0.725199 13.294839
 0.666000 0.752317 13.715398
 0.668000 0.780290 14.146090
 0.670000 0.809133 14.587059
 0.672000 0.838869 15.037654
 0.674000 0.869526 15.500030
 0.676000 0.901124 15.973327
 0.678000 0.933683 16.458400
 0.680000 0.967226 16.954458
 0.682000 1.001775 17.461730
 0.684000 1.037353 17.980403
 0.686000 1.073983 18.510228
 0.688000 1.111687 19.051783
 0.690000 1.150482 19.602974
 0.692000 1.190392 20.165252
 0.694000 1.231451 20.739017
 0.696000 1.273667 21.322874
 0.698000 1.317071 21.917758
 0.700000 1.361668 22.522124
 0.702000 1.407484 23.135590
 0.704000 1.454551 23.759924
 0.706000 1.502873 24.392828
 0.708000 1.552477 25.035588
 0.710000 1.603382 25.687627
 0.712000 1.655605 26.348596
 0.714000 1.709161 27.018208
 0.716000 1.764064 27.695504
 0.718000 1.820337 28.381449
 0.720000 1.877978 29.072895
 0.722000 1.937027 29.772631
 0.724000 1.997480 30.478290
 0.726000 2.059359 31.190808
 0.728000 2.122667 31.907166
 0.730000 2.187407 32.627335
 0.732000 2.253598 33.350194
 0.734000 2.321237 34.075169
 0.736000 2.390328 34.799672
 0.738000 2.460875 35.524835
 0.740000 2.532865 36.246010
 0.742000 2.606299 36.963745
 0.744000 2.681166 37.676664
 0.746000 2.757454 38.381908
 0.748000 2.835131 39.076694
 0.750000 2.914197 39.761689
 0.752000 2.994625 40.433312
 0.754000 3.076372 41.089400
 0.756000 3.159416 41.728470
 0.758000 3.243708 42.345628
 0.760000 3.329210 42.941203
 0.762000 3.415887 43.513593
 0.764000 3.503681 44.057782
 0.766000 3.592525 44.572036
 0.768000 3.682349 45.051900
 0.770000 3.773109 45.496081
 0.772000 3.864712 45.900545
 0.774000 3.957070 46.261304
 0.776000 4.050101 46.573806
 0.778000 4.143696 46.833661
 0.780000 4.237751 47.036743
 0.782000 4.332142 47.177556
 0.784000 4.426744 47.251588
 0.786000 4.521407 47.253645
 0.788000 4.615999 47.176802
 0.790000 4.710330 47.014585
 0.792000 4.804243 46.763337
 0.794000 4.897553 46.414749
 0.796000 4.990047 45.963098
 0.798000 5.081518 45.402421
 0.800000 5.171741 44.726966
 0.802000 5.260479 43.930474
 0.804000 5.347489 43.006537
 0.806000 5.432511 41.950819
 0.808000 5.515271 40.756914
 0.810000 5.595496 39.421739
 0.812000 5.672890 37.940821
 0.814000 5.747162 36.309260
 0.816000 5.818004 34.523656
 0.818000 5.885113 32.583792
 0.820000 5.948170 30.485619
 0.822000 6.006862 28.228590
 0.824000 6.060874 25.813707
 0.826000 6.109885 23.239488
 0.828000 6.153590 20.508364
 0.830000 6.191665 17.622627
 0.832000 6.223808 14.586881
 0.834000 6.249725 11.403589
 0.836000 6.269118 8.081309
 0.838000 6.281738 4.624118
 0.840000 6.287302 1.041963
 0.842000 6.285574 -2.655150
 0.844000 6.276338 -6.458025
 0.846000 6.259406 -10.355324
 0.848000 6.234583 -14.331184
 0.850000 6.201736 -18.371847
 0.852000 6.160753 -22.461673
 0.854000 6.111558 -26.583566
 0.856000 6.054089 -30.716863
 0.858000 5.988352 -34.843007
 0.860000 5.914380 -38.941314
 0.862000 5.832252 -42.990649
 0.864000 5.742090 -46.968887
 0.866000 5.644056 -50.852858
 0.868000 5.538362 -54.619723
 0.870000 5.425265 -58.246286
 0.872000 5.305079 -61.711372
 0.874000 5.178138 -64.990721
 0.876000 5.044829 -68.061905
 0.878000 4.905601 -70.906612
 0.880000 4.760915 -73.503873
 0.882000 4.611299 -75.838636
 0.884000 4.457291 -77.894363
 0.886000 4.299446 -79.655011
 0.888000 4.138383 -81.112594
 0.890000 3.974707 -82.256456
 0.892000 3.809053 -83.081114
 0.894000 3.642065 -83.583834
 0.896000 3.474389 -83.764395
 0.898000 3.306672 -83.626262
 0.900000 3.139535 -83.172909
 0.902000 2.973622 -82.415900
 0.904000 2.809501 -81.361580
 0.906000 2.647771 -80.026597
 0.908000 2.488968 -78.425261
 0.910000 2.333620 -76.577851
 0.912000 2.182198 -74.503543
 0.914000 2.035127 -72.222690
 0.916000 1.892802 -69.758842
 0.918000 1.755567 -67.135857
 0.920000 1.623704 -64.376351
 0.922000 1.497481 -61.508465
 0.924000 1.377075 -58.554058
 0.926000 1.262637 -55.538219
 0.928000 1.154270 -52.485608
 0.930000 1.052034 -49.420373
 0.932000 0.955912 -46.360979
 0.934000 0.865881 -43.329805
 0.936000 0.781873 -40.346976
 0.938000 0.703765 -37.428266
 0.940000 0.631429 -34.591575
 0.942000 0.564674 -31.848223
 0.944000 0.503293 -29.208684
 0.946000 0.447081 -26.685000
 0.948000 0.395799 -24.285141
 0.950000 0.349200 -22.015692
 0.952000 0.307000 -19.877817
 0.954000 0.268943 -17.875866
 0.956000 0.234762 -16.011241
 0.958000 0.204177 -14.282330
 0.960000 0.176924 -12.688149
 0.962000 0.152733 -11.224670
 0.964000 0.131350 -9.888436
 0.966000 0.112522 -8.673501
 0.968000 0.096016 -7.575152
 0.970000 0.081600 -6.586120
 0.972000 0.069080 -5.702421
 0.974000 0.058231 -4.913759
 0.976000 0.048879 -4.214558
 0.978000 0.040859 -3.598598
 0.980000 0.034006 -3.058120
 0.982000 0.028175 -2.585996
 0.984000 0.023237 -2.175884
 0.986000 0.019077 -1.821660
 0.988000 0.015583 -1.516660
 0.990000 0.012669 -1.256384
 0.992000 0.010242 -1.034234
 0.994000 0.008237 -0.846690
 0.996000 0.006589 -0.689122
 0.998000 0.005246 -0.558164
 1.000000 0.004144 -0.448039
 1.002000 0.003258 -0.358022
 1.004000 0.002546 -0.284105
 1.006000 0.001971 -0.223146
 1.008000 0.001519 -0.174519
 1.010000 0.001157 -0.134776
 1.012000 0.000878 -0.103724
 1.014000 0.000658 -0.078724
 1.016000 0.000492 -0.059603
 1.018000 0.000364 -0.044629
 1.020000 0.000263 -0.032556
 1.022000 0.000190 -0.023874
 1.024000 0.000134 -0.016985
 1.026000 0.000094 -0.012054
 1.028000 0.000064 -0.008307
 1.030000 0.000044 -0.005732
 1.032000 0.000029 -0.003799
 1.034000 0.000019 -0.002572
 1.036000 0.000012 -0.001611
 1.038000 0.000008 -0.001043
 1.040000 0.000005 -0.000614
 1.042000 0.000003 -0.000383
 1.044000 0.000001 -0.000193
 1.046000 0.000001 -0.000084
 1.048000 0.000000 -0.000056
 1.050000 0.000000 -0.000032
 1.052000 0.000000 -0.000012
 1.054000 0.000000 0.000000
 1.056000 0.000000 0.000000
 1.058000 0.000000 0.000000
 1.060000 0.000000 0.000000
 1.062000 0.000000 0.000000
 1.064000 0.000000 0.000000
 1.066000 0.000000 0.000000
 1.068000 0.000000 0.000000
 1.070000 0.000000 0.000000
 1.072000 0.000000 0.000000
 1.074000 0.000000 0.000000
 1.076000 0.000000 0.000000
 1.078000 0.000000 0.000000
 1.080000 0.000000 0.000000
 1.082000 0.000000 0.000000
 1.084000 0.000000 0.000000
 1.086000 0.000000 0.000000
 1.088000 0.000000 0.000000
 1.090000 0.000000 0.000000
 1.092000 0.000000 0.000000
 1.094000 0.000000 0.000000
 1.096000 0.000000 0.000000
 1.098000 0.000000 0.000000
 1.100000 0.000000 0.000000
 1.102000 0.000000 0.000000
 1.104000 0.000000 0.000000
 1.106000 0.000000 0.000000
 1.108000 0.000000 0.000000
 1.110000 0.000000 0.000000
 1.112000 0.000000 0.000000
 1.114000 0.000000 0.000000
 1.116000 0.000000 0.000000
 1.118000 0.000000 0.000000
 1.120000 0.000000 0.000000
 1.122000 0.000000 0.000000
 1.124000 0.000000 0.000000
 1.126000 0.000000 0.000000
 1.128000 0.000000 0.000000
 1.130000 0.000000 0.000000
 1.132000 0.000000 0.000000
 1.134000 0.000000 0.000000
 1.136000 0.000000 0.000000
 1.138000 0.000000 0.000000
 1.140000 0.000000 0.000000
 1.142000 0.000000 0.000000
 1.144000 0.000000 0.000000
 1.146000 0.000000 0.000000
 1.148000 0.000000 0.000000
 1.150000 0.000000 0.000000
 1.152000 0.000000 0.000000
 1.154000 0.000000 0.000000
 1.156000 0.000000 0.000000
 1.158000 0.000000 0.000000
 1.160000 0.000000 0.000000
 1.162000 0.000000 0.000000
 1.164000 0.000000 0.000000
 1.166000 0.000000 0.000000
 1.168000 0.000000 0.000000
 1.170000 0.000000 0.000000
 1.172000 0.000000 0.000000
 1.174000 0.000000 0.000000
 1.176000 0.000000 0.000000
 1.178000 0.000000 0.000000
 1.180000 0.000000 0.000000
 1.182000 0.000000 0.000000
 1.184000 0.000000 0.000000
 1.186000 0.000000 0.000000
 1.188000 0.000000 0.000000
 1.190000 0.000000 0.000000
 1.192000 0.000000 0.000000
 1.194000 0.000000 0.000000
 1.196000 0.000000 0.000000
 1.198000 0.000000 0.000000
 1.200000 0.000000 0.000000
 1.202000 0.000000 0.000000
 1.204000 0.000000 0.000000
 1.206000 0.000000 0.000000
 1.208000 0.000000 0.000000
 1.210000 0.000000 0.000000
 1.212000 0.000000 0.000000
 1.214000 0.000000 0.000000
 1.216000 0.000000 0.000000
 1.218000 0.000000 0.000000
 1.220000 0.000000 0.000000
 1.222000 0.000000 0.000000
 1.224000 0.000000 0.000000
 1.226000 0.000000 0.000000
 1.228000 0.000000 0.000000
 1.230000 0.000000 0.000000
 1.232000 0.000000 0.000000
 1.234000 0.000000 0.000000
 1.236000 0.000000 0.000000
 1.238000 0.000000 0.000000
 1.240000 0.000000 0.000000
 1.242000 0.000000 0.000000
 1.244000 0.000000 0.000000
 1.246000 0.000000 0.000000
 1.248000 0.000000 0.000000
 1.250000 0.000000 0.000000
 1.252000 0.000000 0.000000
 1.254000 0.000000 0.000000
 1.256000 0.000000 0.000000
 1.258000 0.000000 0.000000
 1.260000 0.000000 0.000000
 1.262000 0.000000 0.000000
 1.264000 0.000000 0.000000
 1.266000 0.000000 0.000000
 1.268000 0.000000 0.000000
 1.270000 0.000000 0.000000
 1.272000 0.000000 0.000000
 1.274000 0.000000 0.000000
 1.276000 0.000000 0.000000
 1.278000 0.000000 0.000000
 1.280000 0.000000 0.000000
 1.282000 0.000000 0.000000
 1.284000 0.000000 0.000000
 1.286000 0.000000 0.000000
 1.288000 0.000000 0.000000
 1.290000 0.000000 0.000000
 1.292000 0.000000 0.000000
 1.294000 0.000000 0.000000
 1.296000 0.000000 0.000000
 1.298000 0.000000 0.000000
 1.300000 0.000000 0.000000
 1.302000 0.000000 0.000000
 1.304000 0.000000 0.000000
 1.306000 0.000000 0.000000
 1.308000 0.000000 0.000000
 1.310000 0.000000 0.000000
 1.312000 0.000000 0.000000
 1.314000 0.000000 0.000000
 1.316000 0.000000 0.000000
 1.318000 0.000000 0.000000
 1.320000 0.000000 0.000000
 1.322000 0.000000 0.000000
 1.324000 0.000000 0.000000
 1.326000 0.000000 0.000000
 1.328000 0.000000 0.000000
 1.330000 0.000000 0.000000
 1.332000 0.000000 0.000000
 1.334000 0.000000 0.000000
 1.336000 0.000000 0.000000
 1.338000 0.000000 0.000000
 1.340000 0.000000 0.000000
 1.342000 0.000000 0.000000
 1.344000 0.000000 0.000000
 1.346000 0.000000 0.000000
 1.348000 0.000000 0.000000
 1.350000 0.000000 0.000000
 1.352000 0.000000 0.000000
 1.354000 0.000000 0.000000
 1.356000 0.000000 0.000000
 1.358000 0.000000 0.000000
 1.360000 0.000000 0.000000
 1.362000 0.000000 0.000000
 1.364000 0.000000 0.000000
 1.366000 0.000000 0.000000
 1.368000 0.000000 0.000000
 1.370000 0.000000 0.000000
 1.372000 0.000000 0.000000
 1.374000 0.000000 0.000000
 1.376000 0.000000 0.000000
 1.378000 0.000000 0.000000
 1.380000 0.000000 0.000000
 1.382000 0.000000 0.000000
 1.384000 0.000000 0.000000
 1.386000 0.000000 0.000000
 1.388000 0.000000 0.000000
 1.390000 0.000000 0.000000
 1.392000 0.000000 0.000000
 1.394000 0.000000 0.000000
 1.396000 0.000000 0.000000
 1.398000 0.000000 0.000000
 1.400000 0.000000 0.000000
 1.402000 0.000000 0.000000
 1.404000 0.000000 0.000000
 1.406000 0.000000 0.000000
 1.408000 0.000000 0.000000
 1.410000 0.000000 0.000000
 1.412000 0.000000 0.000000
 1.414000 0.000000 0.000000
 1.416000 0.000000 0.000000
 1.418000 0.000000 0.000000
 1.420000 0.000000 0.000000
 1.422000 0.000000 0.000000
 1.424000 0.000000 0.000000
 1.426000 0.000000 0.000000
 1.428000 0.000000 0.000000
 1.430000 0.000000 0.000000
 1.432000 0.000000 0.000000
 1.434000 0.000000 0.000000
 1.436000 0.000000 0.000000
 1.438000 0.000000 0.000000
 1.440000 0.000000 0.000000
 1.442000 0.000000 0.000000
 1.444000 0.000000 0.000000
 1.446000 0.000000 0.000000
 1.448000 0.000000 0.000000
 1.450000 0.000000 0.000000
 1.452000 0.000000 0.000000
 1.454000 0.000000 0.000000
 1.456000 0.000000 0.000000
 1.458000 0.000000 0.000000
 1.460000 0.000000 0.000000
 1.462000 0.000000 0.000000
 1.464000 0.000000 0.000000
 1.466000 0.000000 0.000000
 1.468000 0.000000 0.000000
 1.470000 0.000000 0.000000
 1.472000 0.000000 0.000000
 1.474000 0.000000 0.000000
 1.476000 0.000000 0.000000
 1.478000 0.000000 0.000000
 1.480000 0.000000 0.000000
 1.482000 0.000000 0.000000
 1.484000 0.000000 0.000000
 1.486000 0.000000 0.000000
 1.488000 0.000000 0.000000
 1.490000 0.000000 0.000000
 1.492000 0.000000 0.000000
 1.494000 0.000000 0.000000
 1.496000 0.000000 0.000000
 1.498000 0.000000 0.000000
 1.500000 0.000000 0.000000
