#! FIELDS refcv.morethan b1.fes
#! SET min_refcv.morethan 0.0
#! SET max_refcv.morethan 16.0
#! SET nbins_refcv.morethan  301
#! SET periodic_refcv.morethan false
    0.000000000   38.869274727
    0.053333333   26.585930055
    0.106666667   18.130220395
    0.160000000   12.535461423
    0.213333333    9.038435429
    0.266666667    7.043581428
    0.320000000    6.092432382
    0.373333333    5.837669240
    0.426666667    6.021221123
    0.480000000    6.455896685
    0.533333333    7.010083511
    0.586666667    7.595100491
    0.640000000    8.154832580
    0.693333333    8.657318284
    0.746666667    9.087997826
    0.800000000    9.444364334
    0.853333333    9.731791756
    0.906666667    9.960341697
    0.960000000   10.142377153
    1.013333333   10.290834367
    1.066666667   10.418024896
    1.120000000   10.534858666
    1.173333333   10.650395389
    1.226666667   10.771646458
    1.280000000   10.903562442
    1.333333333   11.049152662
    1.386666667   11.209693320
    1.440000000   11.384989220
    1.493333333   11.573661570
    1.546666667   11.773440691
    1.600000000   11.981447804
    1.653333333   12.194454598
    1.706666667   12.409112993
    1.760000000   12.622150580
    1.813333333   12.830529675
    1.866666667   13.031569859
    1.920000000   13.223035377
    1.973333333   13.403189849
    2.026666667   13.570821555
    2.080000000   13.725243022
    2.133333333   13.866268933
    2.186666667   13.994176441
    2.240000000   14.109651935
    2.293333333   14.213728079
    2.346666667   14.307714710
    2.400000000   14.393126816
    2.453333333   14.471612458
    2.506666667   14.544883076
    2.560000000   14.614648218
    2.613333333   14.682556333
    2.666666667   14.750142841
    2.720000000   14.818786364
    2.773333333   14.889673615
    2.826666667   14.963773165
    2.880000000   15.041818004
    2.933333333   15.124296598
    2.986666667   15.211451914
    3.040000000   15.303287756
    3.093333333   15.399581584
    3.146666667   15.499902950
    3.200000000   15.603636571
    3.253333333   15.710009062
    3.306666667   15.818118347
    3.360000000   15.926964768
    3.413333333   16.035482977
    3.466666667   16.142573739
    3.520000000   16.247134848
    3.573333333   16.348090467
    3.626666667   16.444418253
    3.680000000   16.535173764
    3.733333333   16.619511738
    3.786666667   16.696703921
    3.840000000   16.766153237
    3.893333333   16.827404187
    3.946666667   16.880149456
    4.000000000   16.924232779
    4.053333333   16.959648224
    4.106666667   16.986536088
    4.160000000   17.005175678
    4.213333333   17.015975299
    4.266666667   17.019459812
    4.320000000   17.016256139
    4.373333333   17.007077140
    4.426666667   16.992704276
    4.480000000   16.973969487
    4.533333333   16.951736695
    4.586666667   16.926883343
    4.640000000   16.900282356
    4.693333333   16.872784861
    4.746666667   16.845204017
    4.800000000   16.818300220
    4.853333333   16.792767931
    4.906666667   16.769224345
    4.960000000   16.748200043
    5.013333333   16.730131748
    5.066666667   16.715357251
    5.120000000   16.704112534
    5.173333333   16.696531066
    5.226666667   16.692645212
    5.280000000   16.692389663
    5.333333333   16.695606745
    5.386666667   16.702053455
    5.440000000   16.711410025
    5.493333333   16.723289802
    5.546666667   16.737250223
    5.600000000   16.752804634
    5.653333333   16.769434701
    5.706666667   16.786603165
    5.760000000   16.803766680
    5.813333333   16.820388494
    5.866666667   16.835950723
    5.920000000   16.849965999
    5.973333333   16.861988287
    6.026666667   16.871622671
    6.080000000   16.878533954
    6.133333333   16.882453921
    6.186666667   16.883187159
    6.240000000   16.880615341
    6.293333333   16.874699920
    6.346666667   16.865483203
    6.400000000   16.853087802
    6.453333333   16.837714504
    6.506666667   16.819638593
    6.560000000   16.799204735
    6.613333333   16.776820510
    6.666666667   16.752948731
    6.720000000   16.728098696
    6.773333333   16.702816538
    6.826666667   16.677674851
    6.880000000   16.653261790
    6.933333333   16.630169828
    6.986666667   16.608984383
    7.040000000   16.590272521
    7.093333333   16.574571918
    7.146666667   16.562380298
    7.200000000   16.554145511
    7.253333333   16.550256448
    7.306666667   16.551034929
    7.360000000   16.556728723
    7.413333333   16.567505819
    7.466666667   16.583450048
    7.520000000   16.604558134
    7.573333333   16.630738240
    7.626666667   16.661810022
    7.680000000   16.697506209
    7.733333333   16.737475694
    7.786666667   16.781288065
    7.840000000   16.828439545
    7.893333333   16.878360205
    7.946666667   16.930422377
    8.000000000   16.983950093
    8.053333333   17.038229431
    8.106666667   17.092519573
    8.160000000   17.146064412
    8.213333333   17.198104495
    8.266666667   17.247889131
    8.320000000   17.294688432
    8.373333333   17.337805100
    8.426666667   17.376585753
    8.480000000   17.410431595
    8.533333333   17.438808239
    8.586666667   17.461254514
    8.640000000   17.477390094
    8.693333333   17.486921800
    8.746666667   17.489648463
    8.800000000   17.485464252
    8.853333333   17.474360371
    8.906666667   17.456425105
    8.960000000   17.431842174
    9.013333333   17.400887414
    9.066666667   17.363923816
    9.120000000   17.321394988
    9.173333333   17.273817137
    9.226666667   17.221769687
    9.280000000   17.165884679
    9.333333333   17.106835133
    9.386666667   17.045322542
    9.440000000   16.982063732
    9.493333333   16.917777299
    9.546666667   16.853169863
    9.600000000   16.788922389
    9.653333333   16.725676832
    9.706666667   16.664023341
    9.760000000   16.604488286
    9.813333333   16.547523344
    9.866666667   16.493495865
    9.920000000   16.442680735
    9.973333333   16.395253919
   10.026666667   16.351287855
   10.080000000   16.310748823
   10.133333333   16.273496400
   10.186666667   16.239285065
   10.240000000   16.207767977
   10.293333333   16.178502918
   10.346666667   16.150960352
   10.400000000   16.124533492
   10.453333333   16.098550258
   10.506666667   16.072286917
   10.560000000   16.044983213
   10.613333333   16.015858719
   10.666666667   15.984130110
   10.720000000   15.949029051
   10.773333333   15.909820334
   10.826666667   15.865819903
   10.880000000   15.816412379
   10.933333333   15.761067685
   10.986666667   15.699356383
   11.040000000   15.630963328
   11.093333333   15.555699258
   11.146666667   15.473509989
   11.200000000   15.384482858
   11.253333333   15.288850166
   11.306666667   15.186989367
   11.360000000   15.079419820
   11.413333333   14.966796005
   11.466666667   14.849897139
   11.520000000   14.729613222
   11.573333333   14.606927635
   11.626666667   14.482896461
   11.680000000   14.358624817
   11.733333333   14.235240568
   11.786666667   14.113865854
   11.840000000   13.995586973
   11.893333333   13.881423230
   11.946666667   13.772295425
   12.000000000   13.668994714
   12.053333333   13.572152655
   12.106666667   13.482213235
   12.160000000   13.399407749
   12.213333333   13.323733366
   12.266666667   13.254936216
   12.320000000   13.192499806
   12.373333333   13.135639472
   12.426666667   13.083303540
   12.480000000   13.034181725
   12.533333333   12.986721173
   12.586666667   12.939150386
   12.640000000   12.889511112
   12.693333333   12.835698030
   12.746666667   12.775505879
   12.800000000   12.706683427
   12.853333333   12.626993377
   12.906666667   12.534277128
   12.960000000   12.426522937
   13.013333333   12.301935859
   13.066666667   12.159007514
   13.120000000   11.996583553
   13.173333333   11.813926439
   13.226666667   11.610771046
   13.280000000   11.387370414
   13.333333333   11.144528989
   13.386666667   10.883620668
   13.440000000   10.606589101
   13.493333333   10.315927898
   13.546666667   10.014638715
   13.600000000    9.706165660
   13.653333333    9.394304994
   13.706666667    9.083089885
   13.760000000    8.776650803
   13.813333333    8.479053191
   13.866666667    8.194115234
   13.920000000    7.925209836
   13.973333333    7.675056438
   14.026666667    7.445509821
   14.080000000    7.237354735
   14.133333333    7.050116903
   14.186666667    6.881902631
   14.240000000    6.729280910
   14.293333333    6.587223354
   14.346666667    6.449118551
   14.400000000    6.306878237
   14.453333333    6.151152991
   14.506666667    5.971674752
   14.560000000    5.757742101
   14.613333333    5.498861711
   14.666666667    5.185555395
   14.720000000    4.810336308
   14.773333333    4.368849860
   14.826666667    3.861164144
   14.880000000    3.293180796
   14.933333333    2.678119498
   14.986666667    2.038007144
   15.040000000    1.405075298
   15.093333333    0.822936021
   15.146666667    0.347365527
   15.200000000    0.046476296
   15.253333333    0.000000000
   15.306666667    0.297334479
   15.360000000    1.033926522
   15.413333333    2.305466589
   15.466666667    4.199259963
   15.520000000    6.782008989
   15.573333333   10.083090679
   15.626666667   14.072240402
   15.680000000   18.630352779
   15.733333333   23.511882009
   15.786666667   28.297062160
   15.840000000   32.331869688
   15.893333333   34.653311145
   15.946666667   33.897234259
   16.000000000   28.185425062
