#! FIELDS refcv hh dhh_refcv
#! SET normalisation  1000.000000
#! SET min_refcv -0.5
#! SET max_refcv 1.5
#! SET nbins_refcv  1000
#! SET periodic_refcv false
 -0.500000 0.000000 0.000000
 -0.498000 0.000000 0.000000
 -0.496000 0.000000 0.000000
 -0.494000 0.000000 0.000000
 -0.492000 0.000000 0.000000
 -0.490000 0.000000 0.000000
 -0.488000 0.000000 0.000000
 -0.486000 0.000000 0.000000
 -0.484000 0.000000 0.000000
 -0.482000 0.000000 0.000000
 -0.480000 0.000000 0.000000
 -0.478000 0.000000 0.000000
 -0.476000 0.000000 0.000000
 -0.474000 0.000000 0.000000
 -0.472000 0.000000 0.000000
 -0.470000 0.000000 0.000000
 -0.468000 0.000000 0.000000
 -0.466000 0.000000 0.000000
 -0.464000 0.000000 0.000000
 -0.462000 0.000000 0.000000
 -0.460000 0.000000 0.000000
 -0.458000 0.000000 0.000000
 -0.456000 0.000000 0.000000
 -0.454000 0.000000 0.000000
 -0.452000 0.000000 0.000000
 -0.450000 0.000000 0.000000
 -0.448000 0.000000 0.000000
 -0.446000 0.000000 0.000000
 -0.444000 0.000000 0.000000
 -0.442000 0.000000 0.000000
 -0.440000 0.000000 0.000000
 -0.438000 0.000000 0.000000
 -0.436000 0.000000 0.000000
 -0.434000 0.000000 0.000000
 -0.432000 0.000000 0.000000
 -0.430000 0.000000 0.000000
 -0.428000 0.000000 0.000000
 -0.426000 0.000000 0.000000
 -0.424000 0.000000 0.000000
 -0.422000 0.000000 0.000000
 -0.420000 0.000000 0.000000
 -0.418000 0.000000 0.000000
 -0.416000 0.000000 0.000000
 -0.414000 0.000000 0.000000
 -0.412000 0.000000 0.000000
 -0.410000 0.000000 0.000000
 -0.408000 0.000000 0.000000
 -0.406000 0.000000 0.000000
 -0.404000 0.000000 0.000000
 -0.402000 0.000000 0.000000
 -0.400000 0.000000 0.000000
 -0.398000 0.000000 0.000000
 -0.396000 0.000000 0.000000
 -0.394000 0.000000 0.000000
 -0.392000 0.000000 0.000000
 -0.390000 0.000000 0.000000
 -0.388000 0.000000 0.000000
 -0.386000 0.000000 0.000000
 -0.384000 0.000000 0.000000
 -0.382000 0.000000 0.000000
 -0.380000 0.000000 0.000000
 -0.378000 0.000000 0.000000
 -0.376000 0.000000 0.000000
 -0.374000 0.000000 0.000000
 -0.372000 0.000000 0.000000
 -0.370000 0.000000 0.000000
 -0.368000 0.000000 0.000000
 -0.366000 0.000000 0.000000
 -0.364000 0.000000 0.000000
 -0.362000 0.000000 0.000000
 -0.360000 0.000000 0.000000
 -0.358000 0.000000 0.000000
 -0.356000 0.000000 0.000000
 -0.354000 0.000000 0.000000
 -0.352000 0.000000 0.000000
 -0.350000 0.000000 0.000000
 -0.348000 0.000000 0.000000
 -0.346000 0.000000 0.000000
 -0.344000 0.000000 0.000000
 -0.342000 0.000000 0.000000
 -0.340000 0.000000 0.000000
 -0.338000 0.000000 0.000000
 -0.336000 0.000000 0.000000
 -0.334000 0.000000 0.000000
 -0.332000 0.000000 0.000000
 -0.330000 0.000000 0.000000
 -0.328000 0.000000 0.000000
 -0.326000 0.000000 0.000000
 -0.324000 0.000000 0.000000
 -0.322000 0.000000 0.000000
 -0.320000 0.000000 0.000000
 -0.318000 0.000000 0.000000
 -0.316000 0.000000 0.000000
 -0.314000 0.000000 0.000000
 -0.312000 0.000000 0.000000
 -0.310000 0.000000 0.000000
 -0.308000 0.000000 0.000000
 -0.306000 0.000000 0.000000
 -0.304000 0.000000 0.000000
 -0.302000 0.000000 0.000000
 -0.300000 0.000000 0.000000
 -0.298000 0.000000 0.000000
 -0.296000 0.000000 0.000000
 -0.294000 0.000000 0.000000
 -0.292000 0.000000 0.000000
 -0.290000 0.000000 0.000000
 -0.288000 0.000000 0.000000
 -0.286000 0.000000 0.000000
 -0.284000 0.000000 0.000000
 -0.282000 0.000000 0.000000
 -0.280000 0.000000 0.000000
 -0.278000 0.000000 0.000000
 -0.276000 0.000000 0.000000
 -0.274000 0.000000 0.000000
 -0.272000 0.000000 0.000000
 -0.270000 0.000000 0.000000
 -0.268000 0.000000 0.000000
 -0.266000 0.000000 0.000000
 -0.264000 0.000000 0.000000
 -0.262000 0.000000 0.000000
 -0.260000 0.000000 0.000000
 -0.258000 0.000000 0.000000
 -0.256000 0.000000 0.000000
 -0.254000 0.000000 0.000000
 -0.252000 0.000000 0.000000
 -0.250000 0.000000 0.000000
 -0.248000 0.000000 0.000000
 -0.246000 0.000000 0.000000
 -0.244000 0.000000 0.000000
 -0.242000 0.000000 0.000000
 -0.240000 0.000000 0.000000
 -0.238000 0.000000 0.000000
 -0.236000 0.000000 0.000000
 -0.234000 0.000000 0.000000
 -0.232000 0.000000 0.000000
 -0.230000 0.000000 0.000000
 -0.228000 0.000000 0.000000
 -0.226000 0.000000 0.000000
 -0.224000 0.000000 0.000000
 -0.222000 0.000000 0.000000
 -0.220000 0.000000 0.000000
 -0.218000 0.000000 0.000000
 -0.216000 0.000000 0.000000
 -0.214000 0.000000 0.000000
 -0.212000 0.000000 0.000000
 -0.210000 0.000000 0.000000
 -0.208000 0.000000 0.000000
 -0.206000 0.000000 0.000000
 -0.204000 0.000000 0.000000
 -0.202000 0.000000 0.000000
 -0.200000 0.000000 0.000000
 -0.198000 0.000000 0.000000
 -0.196000 0.000000 0.000000
 -0.194000 0.000000 0.000000
 -0.192000 0.000000 0.000000
 -0.190000 0.000000 0.000000
 -0.188000 0.000000 0.000000
 -0.186000 0.000000 0.000000
 -0.184000 0.000000 0.000000
 -0.182000 0.000000 0.000000
 -0.180000 0.000000 0.000000
 -0.178000 0.000000 0.000000
 -0.176000 0.000000 0.000000
 -0.174000 0.000000 0.000000
 -0.172000 0.000000 0.000000
 -0.170000 0.000000 0.000000
 -0.168000 0.000000 0.000000
 -0.166000 0.000000 0.000000
 -0.164000 0.000000 0.000000
 -0.162000 0.000000 0.000000
 -0.160000 0.000000 0.000000
 -0.158000 0.000000 0.000000
 -0.156000 0.000000 0.000000
 -0.154000 0.000000 0.000000
 -0.152000 0.000000 0.000000
 -0.150000 0.000000 0.000000
 -0.148000 0.000000 0.000000
 -0.146000 0.000000 0.000000
 -0.144000 0.000000 0.000000
 -0.142000 0.000000 0.000000
 -0.140000 0.000000 0.000000
 -0.138000 0.000000 0.000000
 -0.136000 0.000000 0.000000
 -0.134000 0.000000 0.000000
 -0.132000 0.000000 0.000000
 -0.130000 0.000000 0.000000
 -0.128000 0.000000 0.000000
 -0.126000 0.000000 0.000000
 -0.124000 0.000000 0.000000
 -0.122000 0.000000 0.000000
 -0.120000 0.000000 0.000000
 -0.118000 0.000000 0.000000
 -0.116000 0.000000 0.000000
 -0.114000 0.000000 0.000000
 -0.112000 0.000000 0.000000
 -0.110000 0.000000 0.000000
 -0.108000 0.000000 0.000000
 -0.106000 0.000000 0.000000
 -0.104000 0.000000 0.000000
 -0.102000 0.000000 0.000000
 -0.100000 0.000000 0.000000
 -0.098000 0.000000 0.000000
 -0.096000 0.000000 0.000000
 -0.094000 0.000000 0.000000
 -0.092000 0.000000 0.000000
 -0.090000 0.000000 0.000000
 -0.088000 0.000000 0.000000
 -0.086000 0.000000 0.000000
 -0.084000 0.000000 0.000000
 -0.082000 0.000000 0.000000
 -0.080000 0.000000 0.000000
 -0.078000 0.000000 0.000000
 -0.076000 0.000000 0.000000
 -0.074000 0.000000 0.000000
 -0.072000 0.000000 0.000000
 -0.070000 0.000000 0.000000
 -0.068000 0.000000 0.000000
 -0.066000 0.000000 0.000000
 -0.064000 0.000000 0.000000
 -0.062000 0.000000 0.000000
 -0.060000 0.000000 0.000000
 -0.058000 0.000000 0.000000
 -0.056000 0.000000 0.000000
 -0.054000 0.000000 0.000000
 -0.052000 0.000000 0.000000
 -0.050000 0.000000 0.000000
 -0.048000 0.000000 0.000000
 -0.046000 0.000000 0.000000
 -0.044000 0.000000 0.000000
 -0.042000 0.000000 0.000000
 -0.040000 0.000000 0.000000
 -0.038000 0.000000 0.000000
 -0.036000 0.000000 0.000000
 -0.034000 0.000000 0.000000
 -0.032000 0.000000 0.000000
 -0.030000 0.000000 0.000000
 -0.028000 0.000000 0.000000
 -0.026000 0.000000 0.000000
 -0.024000 0.000000 0.000000
 -0.022000 0.000000 0.000000
 -0.020000 0.000000 0.000000
 -0.018000 0.000000 0.000000
 -0.016000 0.000000 0.000000
 -0.014000 0.000000 0.000000
 -0.012000 0.000000 0.000000
 -0.010000 0.000000 0.000000
 -0.008000 0.000000 0.000000
 -0.006000 0.000000 0.000000
 -0.004000 0.000000 0.000000
 -0.002000 0.000000 0.000000
 0.000000 0.000000 0.000000
 0.002000 0.000000 0.000000
 0.004000 0.000000 0.000000
 0.006000 0.000000 0.000000
 0.008000 0.000000 0.000000
 0.010000 0.000000 0.000000
 0.012000 0.000000 0.000000
 0.014000 0.000000 0.000000
 0.016000 0.000000 0.000000
 0.018000 0.000000 0.000000
 0.020000 0.000000 0.000000
 0.022000 0.000000 0.000000
 0.024000 0.000000 0.000000
 0.026000 0.000000 0.000000
 0.028000 0.000000 0.000000
 0.030000 0.000000 0.000000
 0.032000 0.000000 0.000000
 0.034000 0.000000 0.000000
 0.036000 0.000000 0.000000
 0.038000 0.000000 0.000000
 0.040000 0.000000 0.000000
 0.042000 0.000000 0.000000
 0.044000 0.000000 0.000000
 0.046000 0.000000 0.000000
 0.048000 0.000000 0.000000
 0.050000 0.000000 0.000000
 0.052000 0.000000 0.000000
 0.054000 0.000000 0.000000
 0.056000 0.000000 0.000000
 0.058000 0.000000 0.000000
 0.060000 0.000000 0.000000
 0.062000 0.000000 0.000000
 0.064000 0.000000 0.000000
 0.066000 0.000000 0.000000
 0.068000 0.000000 0.000033
 0.070000 0.000000 0.000043
 0.072000 0.000000 0.000056
 0.074000 0.000001 0.000071
 0.076000 0.000001 0.000091
 0.078000 0.000001 0.000149
 0.080000 0.000001 0.000189
 0.082000 0.000002 0.000267
 0.084000 0.000003 0.000368
 0.086000 0.000004 0.000494
 0.088000 0.000005 0.000617
 0.090000 0.000007 0.000803
 0.092000 0.000009 0.001028
 0.094000 0.000011 0.001265
 0.096000 0.000014 0.001582
 0.098000 0.000018 0.001927
 0.100000 0.000022 0.002332
 0.102000 0.000027 0.002804
 0.104000 0.000033 0.003384
 0.106000 0.000041 0.004022
 0.108000 0.000049 0.004750
 0.110000 0.000060 0.005573
 0.112000 0.000072 0.006531
 0.114000 0.000086 0.007571
 0.116000 0.000102 0.008719
 0.118000 0.000121 0.009977
 0.120000 0.000142 0.011341
 0.122000 0.000167 0.012838
 0.124000 0.000194 0.014437
 0.126000 0.000225 0.016100
 0.128000 0.000259 0.017869
 0.130000 0.000296 0.019667
 0.132000 0.000338 0.021499
 0.134000 0.000383 0.023405
 0.136000 0.000431 0.025246
 0.138000 0.000484 0.027043
 0.140000 0.000540 0.028763
 0.142000 0.000599 0.030408
 0.144000 0.000662 0.031917
 0.146000 0.000727 0.033265
 0.148000 0.000795 0.034384
 0.150000 0.000865 0.035303
 0.152000 0.000936 0.035986
 0.154000 0.001008 0.036374
 0.156000 0.001081 0.036481
 0.158000 0.001154 0.036300
 0.160000 0.001227 0.035860
 0.162000 0.001298 0.035153
 0.164000 0.001367 0.034191
 0.166000 0.001435 0.033062
 0.168000 0.001500 0.031656
 0.170000 0.001562 0.030082
 0.172000 0.001620 0.028380
 0.174000 0.001675 0.026592
 0.176000 0.001727 0.024764
 0.178000 0.001775 0.023007
 0.180000 0.001819 0.021254
 0.182000 0.001860 0.019629
 0.184000 0.001898 0.018114
 0.186000 0.001933 0.016799
 0.188000 0.001965 0.015655
 0.190000 0.001996 0.014725
 0.192000 0.002025 0.014055
 0.194000 0.002052 0.013619
 0.196000 0.002079 0.013386
 0.198000 0.002106 0.013365
 0.200000 0.002133 0.013603
 0.202000 0.002161 0.013961
 0.204000 0.002190 0.014526
 0.206000 0.002219 0.015149
 0.208000 0.002250 0.015844
 0.210000 0.002283 0.016574
 0.212000 0.002317 0.017299
 0.214000 0.002352 0.018015
 0.216000 0.002389 0.018634
 0.218000 0.002427 0.019148
 0.220000 0.002465 0.019530
 0.222000 0.002505 0.019787
 0.224000 0.002545 0.019849
 0.226000 0.002584 0.019725
 0.228000 0.002624 0.019470
 0.230000 0.002663 0.019107
 0.232000 0.002701 0.018458
 0.234000 0.002737 0.017662
 0.236000 0.002771 0.016683
 0.238000 0.002804 0.015556
 0.240000 0.002834 0.014300
 0.242000 0.002861 0.012966
 0.244000 0.002886 0.011524
 0.246000 0.002907 0.010052
 0.248000 0.002926 0.008522
 0.250000 0.002941 0.007043
 0.252000 0.002954 0.005519
 0.254000 0.002963 0.004036
 0.256000 0.002970 0.002617
 0.258000 0.002974 0.001280
 0.260000 0.002976 0.000174
 0.262000 0.002975 -0.000925
 0.264000 0.002972 -0.001825
 0.266000 0.002968 -0.002581
 0.268000 0.002962 -0.003211
 0.270000 0.002955 -0.003717
 0.272000 0.002947 -0.004032
 0.274000 0.002938 -0.004193
 0.276000 0.002930 -0.004238
 0.278000 0.002921 -0.004077
 0.280000 0.002913 -0.003849
 0.282000 0.002906 -0.003441
 0.284000 0.002900 -0.002922
 0.286000 0.002895 -0.002276
 0.288000 0.002891 -0.001659
 0.290000 0.002889 -0.000936
 0.292000 0.002888 -0.000181
 0.294000 0.002889 0.000588
 0.296000 0.002891 0.001273
 0.298000 0.002894 0.001922
 0.300000 0.002899 0.002553
 0.302000 0.002904 0.003093
 0.304000 0.002911 0.003623
 0.306000 0.002919 0.004165
 0.308000 0.002928 0.004538
 0.310000 0.002938 0.004981
 0.312000 0.002948 0.005252
 0.314000 0.002959 0.005500
 0.316000 0.002970 0.005843
 0.318000 0.002983 0.006166
 0.320000 0.002995 0.006526
 0.322000 0.003009 0.006973
 0.324000 0.003024 0.007603
 0.326000 0.003040 0.008387
 0.328000 0.003058 0.009419
 0.330000 0.003078 0.010514
 0.332000 0.003101 0.011938
 0.334000 0.003126 0.013627
 0.336000 0.003156 0.015459
 0.338000 0.003189 0.017674
 0.340000 0.003228 0.020142
 0.342000 0.003272 0.022983
 0.344000 0.003321 0.026103
 0.346000 0.003378 0.029501
 0.348000 0.003441 0.033206
 0.350000 0.003512 0.036950
 0.352000 0.003590 0.040896
 0.354000 0.003676 0.044987
 0.356000 0.003771 0.049217
 0.358000 0.003874 0.053605
 0.360000 0.003986 0.058095
 0.362000 0.004108 0.062740
 0.364000 0.004238 0.067495
 0.366000 0.004379 0.072345
 0.368000 0.004530 0.077292
 0.370000 0.004690 0.082293
 0.372000 0.004861 0.087442
 0.374000 0.005041 0.092735
 0.376000 0.005233 0.098192
 0.378000 0.005435 0.103687
 0.380000 0.005648 0.109436
 0.382000 0.005873 0.115418
 0.384000 0.006112 0.121727
 0.386000 0.006364 0.128372
 0.388000 0.006629 0.135226
 0.390000 0.006908 0.142322
 0.392000 0.007201 0.149616
 0.394000 0.007511 0.157297
 0.396000 0.007834 0.165091
 0.398000 0.008173 0.172987
 0.400000 0.008529 0.181100
 0.402000 0.008903 0.189437
 0.404000 0.009292 0.197793
 0.406000 0.009699 0.206319
 0.408000 0.010122 0.214615
 0.410000 0.010561 0.223067
 0.412000 0.011016 0.231338
 0.414000 0.011490 0.239552
 0.416000 0.011982 0.248127
 0.418000 0.012489 0.256402
 0.420000 0.013013 0.264740
 0.422000 0.013553 0.273162
 0.424000 0.014111 0.282014
 0.426000 0.014687 0.291213
 0.428000 0.015283 0.301041
 0.430000 0.015899 0.311569
 0.432000 0.016540 0.323399
 0.434000 0.017204 0.336105
 0.436000 0.017895 0.350041
 0.438000 0.018615 0.365528
 0.440000 0.019367 0.382536
 0.442000 0.020153 0.401218
 0.444000 0.020981 0.421991
 0.446000 0.021852 0.444796
 0.448000 0.022770 0.469523
 0.450000 0.023739 0.496364
 0.452000 0.024765 0.525301
 0.454000 0.025854 0.556851
 0.456000 0.027009 0.590571
 0.458000 0.028231 0.626044
 0.460000 0.029528 0.663709
 0.462000 0.030901 0.703075
 0.464000 0.032356 0.744247
 0.466000 0.033893 0.786596
 0.468000 0.035515 0.830120
 0.470000 0.037230 0.875102
 0.472000 0.039031 0.920547
 0.474000 0.040928 0.967186
 0.476000 0.042919 1.014290
 0.478000 0.045004 1.061753
 0.480000 0.047187 1.109734
 0.482000 0.049462 1.157605
 0.484000 0.051835 1.205630
 0.486000 0.054308 1.254276
 0.488000 0.056874 1.302745
 0.490000 0.059541 1.351551
 0.492000 0.062307 1.400804
 0.494000 0.065173 1.450421
 0.496000 0.068132 1.499660
 0.498000 0.071193 1.549747
 0.500000 0.074359 1.601125
 0.502000 0.077629 1.653432
 0.504000 0.081002 1.706678
 0.506000 0.084482 1.761203
 0.508000 0.088074 1.817352
 0.510000 0.091782 1.875828
 0.512000 0.095613 1.936723
 0.514000 0.099569 2.000320
 0.516000 0.103652 2.066380
 0.518000 0.107873 2.135475
 0.520000 0.112237 2.208293
 0.522000 0.116747 2.284044
 0.524000 0.121413 2.363309
 0.526000 0.126240 2.446224
 0.528000 0.131244 2.533595
 0.530000 0.136422 2.624175
 0.532000 0.141787 2.718530
 0.534000 0.147346 2.816715
 0.536000 0.153108 2.918901
 0.538000 0.159077 3.024558
 0.540000 0.165261 3.133694
 0.542000 0.171665 3.245691
 0.544000 0.178304 3.362201
 0.546000 0.185179 3.481658
 0.548000 0.192295 3.604137
 0.550000 0.199657 3.729111
 0.552000 0.207273 3.857079
 0.554000 0.215150 3.988151
 0.556000 0.223291 4.121823
 0.558000 0.231710 4.259359
 0.560000 0.240401 4.398942
 0.562000 0.249378 4.542174
 0.564000 0.258646 4.688959
 0.566000 0.268215 4.839929
 0.568000 0.278085 4.994101
 0.570000 0.288277 5.153514
 0.572000 0.298790 5.316904
 0.574000 0.309639 5.485308
 0.576000 0.320834 5.659638
 0.578000 0.332379 5.838148
 0.580000 0.344292 6.022751
 0.582000 0.356577 6.212754
 0.584000 0.369253 6.409232
 0.586000 0.382333 6.612052
 0.588000 0.395813 6.819729
 0.590000 0.409723 7.033716
 0.592000 0.424078 7.255473
 0.594000 0.438870 7.481224
 0.596000 0.454127 7.714099
 0.598000 0.469853 7.953292
 0.600000 0.486062 8.197332
 0.602000 0.502772 8.448102
 0.604000 0.519994 8.705392
 0.606000 0.537743 8.969953
 0.608000 0.556027 9.240913
 0.610000 0.574855 9.517824
 0.612000 0.594252 9.802879
 0.614000 0.614224 10.095552
 0.616000 0.634793 10.395650
 0.618000 0.655979 10.704860
 0.620000 0.677783 11.021346
 0.622000 0.700242 11.348013
 0.624000 0.723374 11.684877
 0.626000 0.747182 12.031222
 0.628000 0.771702 12.388318
 0.630000 0.796946 12.755213
 0.632000 0.822926 13.131169
 0.634000 0.849688 13.519546
 0.636000 0.877216 13.916106
 0.638000 0.905563 14.323929
 0.640000 0.934715 14.737129
 0.642000 0.964713 15.160128
 0.644000 0.995578 15.592034
 0.646000 1.027310 16.030497
 0.648000 1.059938 16.475822
 0.650000 1.093464 16.926848
 0.652000 1.127883 17.381431
 0.654000 1.163230 17.840391
 0.656000 1.199491 18.302739
 0.658000 1.236691 18.768603
 0.660000 1.274828 19.236821
 0.662000 1.313904 19.707165
 0.664000 1.353922 20.178140
 0.666000 1.394884 20.650294
 0.668000 1.436796 21.124709
 0.670000 1.479672 21.600641
 0.672000 1.523493 22.076955
 0.674000 1.568270 22.553858
 0.676000 1.614002 23.031371
 0.678000 1.660708 23.509085
 0.680000 1.708373 23.988062
 0.682000 1.756992 24.466957
 0.684000 1.806556 24.942695
 0.686000 1.857090 25.418409
 0.688000 1.908574 25.891514
 0.690000 1.960987 26.359652
 0.692000 2.014344 26.825742
 0.694000 2.068646 27.290438
 0.696000 2.123851 27.747313
 0.698000 2.179968 28.198091
 0.700000 2.236986 28.643900
 0.702000 2.294890 29.084299
 0.704000 2.353674 29.518157
 0.706000 2.413324 29.946772
 0.708000 2.473816 30.368601
 0.710000 2.535148 30.786720
 0.712000 2.597316 31.199664
 0.714000 2.660305 31.608845
 0.716000 2.724105 32.014660
 0.718000 2.788723 32.419030
 0.720000 2.854129 32.817806
 0.722000 2.920355 33.217353
 0.724000 2.987376 33.613013
 0.726000 3.055171 34.005653
 0.728000 3.123745 34.392891
 0.730000 3.193083 34.772567
 0.732000 3.263192 35.145154
 0.734000 3.334032 35.506629
 0.736000 3.405565 35.851690
 0.738000 3.477778 36.178855
 0.740000 3.550617 36.484502
 0.742000 3.624042 36.760562
 0.744000 3.697994 37.006667
 0.746000 3.772384 37.213739
 0.748000 3.847125 37.376391
 0.750000 3.922150 37.490749
 0.752000 3.997333 37.551924
 0.754000 4.072598 37.556503
 0.756000 4.147802 37.499337
 0.758000 4.222805 37.374538
 0.760000 4.297496 37.179114
 0.762000 4.371717 36.911870
 0.764000 4.445313 36.567038
 0.766000 4.518125 36.144057
 0.768000 4.590000 35.641663
 0.770000 4.660805 35.058330
 0.772000 4.730352 34.395221
 0.774000 4.798471 33.652046
 0.776000 4.865023 32.823528
 0.778000 4.929820 31.914228
 0.780000 4.992720 30.924272
 0.782000 5.053554 29.851647
 0.784000 5.112142 28.697329
 0.786000 5.168321 27.460635
 0.788000 5.221938 26.142601
 0.790000 5.272828 24.740309
 0.792000 5.320830 23.252708
 0.794000 5.365743 21.679504
 0.796000 5.407421 20.018944
 0.798000 5.445685 18.270545
 0.800000 5.480352 16.433818
 0.802000 5.511246 14.503169
 0.804000 5.538176 12.482120
 0.806000 5.560949 10.368253
 0.808000 5.579404 8.160826
 0.810000 5.593345 5.862791
 0.812000 5.602593 3.473490
 0.814000 5.606970 0.993500
 0.816000 5.606277 -1.568426
 0.818000 5.600393 -4.214723
 0.820000 5.589122 -6.932817
 0.822000 5.572359 -9.723701
 0.824000 5.549937 -12.572407
 0.826000 5.521749 -15.471076
 0.828000 5.487721 -18.411773
 0.830000 5.447770 -21.381794
 0.832000 5.401851 -24.369970
 0.834000 5.349958 -27.365878
 0.836000 5.292065 -30.352193
 0.838000 5.228217 -33.316585
 0.840000 5.158463 -36.243129
 0.842000 5.082899 -39.118075
 0.844000 5.001646 -41.927075
 0.846000 4.914853 -44.655797
 0.848000 4.822696 -47.288986
 0.850000 4.725371 -49.811612
 0.852000 4.623108 -52.209572
 0.854000 4.516188 -54.472512
 0.856000 4.404885 -56.586198
 0.858000 4.289509 -58.539497
 0.860000 4.170382 -60.320394
 0.862000 4.047865 -61.920612
 0.864000 3.922332 -63.332434
 0.866000 3.794180 -64.550712
 0.868000 3.663774 -65.564772
 0.870000 3.531545 -66.373507
 0.872000 3.397919 -66.975369
 0.874000 3.263287 -67.364491
 0.876000 3.128067 -67.540119
 0.878000 2.992725 -67.510026
 0.880000 2.857647 -67.272862
 0.882000 2.723238 -66.832127
 0.884000 2.589908 -66.194724
 0.886000 2.458038 -65.367059
 0.888000 2.328000 -64.357173
 0.890000 2.200165 -63.176924
 0.892000 2.074848 -61.834156
 0.894000 1.952364 -60.340924
 0.896000 1.833006 -58.710125
 0.898000 1.717038 -56.954989
 0.900000 1.604684 -55.087460
 0.902000 1.496182 -53.125917
 0.904000 1.391661 -51.077394
 0.906000 1.291314 -48.962493
 0.908000 1.195255 -46.794542
 0.910000 1.103573 -44.587293
 0.912000 1.016340 -42.355918
 0.914000 0.933565 -40.110003
 0.916000 0.855283 -37.866187
 0.918000 0.781492 -35.638898
 0.920000 0.712125 -33.435809
 0.922000 0.647130 -31.269507
 0.924000 0.586427 -29.150177
 0.926000 0.529896 -27.084383
 0.928000 0.477450 -25.085042
 0.930000 0.428951 -23.158443
 0.932000 0.384227 -21.307078
 0.934000 0.343133 -19.538128
 0.936000 0.305482 -17.852294
 0.938000 0.271114 -16.254772
 0.940000 0.239871 -14.750608
 0.942000 0.211543 -13.336859
 0.944000 0.185952 -12.014687
 0.946000 0.162931 -10.785583
 0.948000 0.142292 -9.647525
 0.950000 0.123845 -8.596779
 0.952000 0.107411 -7.629919
 0.954000 0.092835 -6.745759
 0.956000 0.079957 -5.941005
 0.958000 0.068627 -5.212706
 0.960000 0.058691 -4.555248
 0.962000 0.049999 -3.963076
 0.964000 0.042440 -3.433943
 0.966000 0.035894 -2.963944
 0.968000 0.030250 -2.548415
 0.970000 0.025387 -2.180526
 0.972000 0.021225 -1.857826
 0.974000 0.017673 -1.575537
 0.976000 0.014666 -1.331502
 0.978000 0.012117 -1.119532
 0.980000 0.009966 -0.936410
 0.982000 0.008158 -0.778794
 0.984000 0.006660 -0.645994
 0.986000 0.005407 -0.532420
 0.988000 0.004378 -0.437645
 0.990000 0.003526 -0.357434
 0.992000 0.002820 -0.289503
 0.994000 0.002245 -0.233180
 0.996000 0.001784 -0.187580
 0.998000 0.001410 -0.149961
 1.000000 0.001110 -0.119364
 1.002000 0.000866 -0.093860
 1.004000 0.000676 -0.074072
 1.006000 0.000523 -0.057754
 1.008000 0.000404 -0.044927
 1.010000 0.000308 -0.034430
 1.012000 0.000232 -0.026057
 1.014000 0.000174 -0.019571
 1.016000 0.000131 -0.014683
 1.018000 0.000099 -0.011191
 1.020000 0.000074 -0.008442
 1.022000 0.000056 -0.006373
 1.024000 0.000042 -0.004819
 1.026000 0.000032 -0.003652
 1.028000 0.000024 -0.002758
 1.030000 0.000017 -0.001930
 1.032000 0.000011 -0.001304
 1.034000 0.000009 -0.001031
 1.036000 0.000007 -0.000802
 1.038000 0.000005 -0.000584
 1.040000 0.000004 -0.000470
 1.042000 0.000003 -0.000307
 1.044000 0.000002 -0.000246
 1.046000 0.000001 -0.000163
 1.048000 0.000001 -0.000130
 1.050000 0.000001 -0.000103
 1.052000 0.000001 -0.000081
 1.054000 0.000000 -0.000063
 1.056000 0.000000 -0.000049
 1.058000 0.000000 -0.000038
 1.060000 0.000000 0.000000
 1.062000 0.000000 0.000000
 1.064000 0.000000 0.000000
 1.066000 0.000000 0.000000
 1.068000 0.000000 0.000000
 1.070000 0.000000 0.000000
 1.072000 0.000000 0.000000
 1.074000 0.000000 0.000000
 1.076000 0.000000 0.000000
 1.078000 0.000000 0.000000
 1.080000 0.000000 0.000000
 1.082000 0.000000 0.000000
 1.084000 0.000000 0.000000
 1.086000 0.000000 0.000000
 1.088000 0.000000 0.000000
 1.090000 0.000000 0.000000
 1.092000 0.000000 0.000000
 1.094000 0.000000 0.000000
 1.096000 0.000000 0.000000
 1.098000 0.000000 0.000000
 1.100000 0.000000 0.000000
 1.102000 0.000000 0.000000
 1.104000 0.000000 0.000000
 1.106000 0.000000 0.000000
 1.108000 0.000000 0.000000
 1.110000 0.000000 0.000000
 1.112000 0.000000 0.000000
 1.114000 0.000000 0.000000
 1.116000 0.000000 0.000000
 1.118000 0.000000 0.000000
 1.120000 0.000000 0.000000
 1.122000 0.000000 0.000000
 1.124000 0.000000 0.000000
 1.126000 0.000000 0.000000
 1.128000 0.000000 0.000000
 1.130000 0.000000 0.000000
 1.132000 0.000000 0.000000
 1.134000 0.000000 0.000000
 1.136000 0.000000 0.000000
 1.138000 0.000000 0.000000
 1.140000 0.000000 0.000000
 1.142000 0.000000 0.000000
 1.144000 0.000000 0.000000
 1.146000 0.000000 0.000000
 1.148000 0.000000 0.000000
 1.150000 0.000000 0.000000
 1.152000 0.000000 0.000000
 1.154000 0.000000 0.000000
 1.156000 0.000000 0.000000
 1.158000 0.000000 0.000000
 1.160000 0.000000 0.000000
 1.162000 0.000000 0.000000
 1.164000 0.000000 0.000000
 1.166000 0.000000 0.000000
 1.168000 0.000000 0.000000
 1.170000 0.000000 0.000000
 1.172000 0.000000 0.000000
 1.174000 0.000000 0.000000
 1.176000 0.000000 0.000000
 1.178000 0.000000 0.000000
 1.180000 0.000000 0.000000
 1.182000 0.000000 0.000000
 1.184000 0.000000 0.000000
 1.186000 0.000000 0.000000
 1.188000 0.000000 0.000000
 1.190000 0.000000 0.000000
 1.192000 0.000000 0.000000
 1.194000 0.000000 0.000000
 1.196000 0.000000 0.000000
 1.198000 0.000000 0.000000
 1.200000 0.000000 0.000000
 1.202000 0.000000 0.000000
 1.204000 0.000000 0.000000
 1.206000 0.000000 0.000000
 1.208000 0.000000 0.000000
 1.210000 0.000000 0.000000
 1.212000 0.000000 0.000000
 1.214000 0.000000 0.000000
 1.216000 0.000000 0.000000
 1.218000 0.000000 0.000000
 1.220000 0.000000 0.000000
 1.222000 0.000000 0.000000
 1.224000 0.000000 0.000000
 1.226000 0.000000 0.000000
 1.228000 0.000000 0.000000
 1.230000 0.000000 0.000000
 1.232000 0.000000 0.000000
 1.234000 0.000000 0.000000
 1.236000 0.000000 0.000000
 1.238000 0.000000 0.000000
 1.240000 0.000000 0.000000
 1.242000 0.000000 0.000000
 1.244000 0.000000 0.000000
 1.246000 0.000000 0.000000
 1.248000 0.000000 0.000000
 1.250000 0.000000 0.000000
 1.252000 0.000000 0.000000
 1.254000 0.000000 0.000000
 1.256000 0.000000 0.000000
 1.258000 0.000000 0.000000
 1.260000 0.000000 0.000000
 1.262000 0.000000 0.000000
 1.264000 0.000000 0.000000
 1.266000 0.000000 0.000000
 1.268000 0.000000 0.000000
 1.270000 0.000000 0.000000
 1.272000 0.000000 0.000000
 1.274000 0.000000 0.000000
 1.276000 0.000000 0.000000
 1.278000 0.000000 0.000000
 1.280000 0.000000 0.000000
 1.282000 0.000000 0.000000
 1.284000 0.000000 0.000000
 1.286000 0.000000 0.000000
 1.288000 0.000000 0.000000
 1.290000 0.000000 0.000000
 1.292000 0.000000 0.000000
 1.294000 0.000000 0.000000
 1.296000 0.000000 0.000000
 1.298000 0.000000 0.000000
 1.300000 0.000000 0.000000
 1.302000 0.000000 0.000000
 1.304000 0.000000 0.000000
 1.306000 0.000000 0.000000
 1.308000 0.000000 0.000000
 1.310000 0.000000 0.000000
 1.312000 0.000000 0.000000
 1.314000 0.000000 0.000000
 1.316000 0.000000 0.000000
 1.318000 0.000000 0.000000
 1.320000 0.000000 0.000000
 1.322000 0.000000 0.000000
 1.324000 0.000000 0.000000
 1.326000 0.000000 0.000000
 1.328000 0.000000 0.000000
 1.330000 0.000000 0.000000
 1.332000 0.000000 0.000000
 1.334000 0.000000 0.000000
 1.336000 0.000000 0.000000
 1.338000 0.000000 0.000000
 1.340000 0.000000 0.000000
 1.342000 0.000000 0.000000
 1.344000 0.000000 0.000000
 1.346000 0.000000 0.000000
 1.348000 0.000000 0.000000
 1.350000 0.000000 0.000000
 1.352000 0.000000 0.000000
 1.354000 0.000000 0.000000
 1.356000 0.000000 0.000000
 1.358000 0.000000 0.000000
 1.360000 0.000000 0.000000
 1.362000 0.000000 0.000000
 1.364000 0.000000 0.000000
 1.366000 0.000000 0.000000
 1.368000 0.000000 0.000000
 1.370000 0.000000 0.000000
 1.372000 0.000000 0.000000
 1.374000 0.000000 0.000000
 1.376000 0.000000 0.000000
 1.378000 0.000000 0.000000
 1.380000 0.000000 0.000000
 1.382000 0.000000 0.000000
 1.384000 0.000000 0.000000
 1.386000 0.000000 0.000000
 1.388000 0.000000 0.000000
 1.390000 0.000000 0.000000
 1.392000 0.000000 0.000000
 1.394000 0.000000 0.000000
 1.396000 0.000000 0.000000
 1.398000 0.000000 0.000000
 1.400000 0.000000 0.000000
 1.402000 0.000000 0.000000
 1.404000 0.000000 0.000000
 1.406000 0.000000 0.000000
 1.408000 0.000000 0.000000
 1.410000 0.000000 0.000000
 1.412000 0.000000 0.000000
 1.414000 0.000000 0.000000
 1.416000 0.000000 0.000000
 1.418000 0.000000 0.000000
 1.420000 0.000000 0.000000
 1.422000 0.000000 0.000000
 1.424000 0.000000 0.000000
 1.426000 0.000000 0.000000
 1.428000 0.000000 0.000000
 1.430000 0.000000 0.000000
 1.432000 0.000000 0.000000
 1.434000 0.000000 0.000000
 1.436000 0.000000 0.000000
 1.438000 0.000000 0.000000
 1.440000 0.000000 0.000000
 1.442000 0.000000 0.000000
 1.444000 0.000000 0.000000
 1.446000 0.000000 0.000000
 1.448000 0.000000 0.000000
 1.450000 0.000000 0.000000
 1.452000 0.000000 0.000000
 1.454000 0.000000 0.000000
 1.456000 0.000000 0.000000
 1.458000 0.000000 0.000000
 1.460000 0.000000 0.000000
 1.462000 0.000000 0.000000
 1.464000 0.000000 0.000000
 1.466000 0.000000 0.000000
 1.468000 0.000000 0.000000
 1.470000 0.000000 0.000000
 1.472000 0.000000 0.000000
 1.474000 0.000000 0.000000
 1.476000 0.000000 0.000000
 1.478000 0.000000 0.000000
 1.480000 0.000000 0.000000
 1.482000 0.000000 0.000000
 1.484000 0.000000 0.000000
 1.486000 0.000000 0.000000
 1.488000 0.000000 0.000000
 1.490000 0.000000 0.000000
 1.492000 0.000000 0.000000
 1.494000 0.000000 0.000000
 1.496000 0.000000 0.000000
 1.498000 0.000000 0.000000
 1.500000 0.000000 0.000000
