#! FIELDS refcv hh dhh_refcv
#! SET normalisation  400.000000
#! SET min_refcv -0.5
#! SET max_refcv 1.5
#! SET nbins_refcv  1000
#! SET periodic_refcv false
 -0.500000 0.000000 0.000000
 -0.498000 0.000000 0.000000
 -0.496000 0.000000 0.000000
 -0.494000 0.000000 0.000000
 -0.492000 0.000000 0.000000
 -0.490000 0.000000 0.000000
 -0.488000 0.000000 0.000000
 -0.486000 0.000000 0.000000
 -0.484000 0.000000 0.000000
 -0.482000 0.000000 0.000000
 -0.480000 0.000000 0.000000
 -0.478000 0.000000 0.000000
 -0.476000 0.000000 0.000000
 -0.474000 0.000000 0.000000
 -0.472000 0.000000 0.000000
 -0.470000 0.000000 0.000000
 -0.468000 0.000000 0.000000
 -0.466000 0.000000 0.000000
 -0.464000 0.000000 0.000000
 -0.462000 0.000000 0.000000
 -0.460000 0.000000 0.000000
 -0.458000 0.000000 0.000000
 -0.456000 0.000000 0.000000
 -0.454000 0.000000 0.000000
 -0.452000 0.000000 0.000000
 -0.450000 0.000000 0.000000
 -0.448000 0.000000 0.000000
 -0.446000 0.000000 0.000000
 -0.444000 0.000000 0.000000
 -0.442000 0.000000 0.000000
 -0.440000 0.000000 0.000000
 -0.438000 0.000000 0.000000
 -0.436000 0.000000 0.000000
 -0.434000 0.000000 0.000000
 -0.432000 0.000000 0.000000
 -0.430000 0.000000 0.000000
 -0.428000 0.000000 0.000000
 -0.426000 0.000000 0.000000
 -0.424000 0.000000 0.000000
 -0.422000 0.000000 0.000000
 -0.420000 0.000000 0.000000
 -0.418000 0.000000 0.000000
 -0.416000 0.000000 0.000000
 -0.414000 0.000000 0.000000
 -0.412000 0.000000 0.000000
 -0.410000 0.000000 0.000000
 -0.408000 0.000000 0.000000
 -0.406000 0.000000 0.000000
 -0.404000 0.000000 0.000000
 -0.402000 0.000000 0.000000
 -0.400000 0.000000 0.000000
 -0.398000 0.000000 0.000000
 -0.396000 0.000000 0.000000
 -0.394000 0.000000 0.000000
 -0.392000 0.000000 0.000000
 -0.390000 0.000000 0.000000
 -0.388000 0.000000 0.000000
 -0.386000 0.000000 0.000000
 -0.384000 0.000000 0.000000
 -0.382000 0.000000 0.000000
 -0.380000 0.000000 0.000000
 -0.378000 0.000000 0.000000
 -0.376000 0.000000 0.000000
 -0.374000 0.000000 0.000000
 -0.372000 0.000000 0.000000
 -0.370000 0.000000 0.000000
 -0.368000 0.000000 0.000000
 -0.366000 0.000000 0.000000
 -0.364000 0.000000 0.000000
 -0.362000 0.000000 0.000000
 -0.360000 0.000000 0.000000
 -0.358000 0.000000 0.000000
 -0.356000 0.000000 0.000000
 -0.354000 0.000000 0.000000
 -0.352000 0.000000 0.000000
 -0.350000 0.000000 0.000000
 -0.348000 0.000000 0.000000
 -0.346000 0.000000 0.000000
 -0.344000 0.000000 0.000000
 -0.342000 0.000000 0.000000
 -0.340000 0.000000 0.000000
 -0.338000 0.000000 0.000000
 -0.336000 0.000000 0.000000
 -0.334000 0.000000 0.000000
 -0.332000 0.000000 0.000000
 -0.330000 0.000000 0.000000
 -0.328000 0.000000 0.000000
 -0.326000 0.000000 0.000000
 -0.324000 0.000000 0.000000
 -0.322000 0.000000 0.000000
 -0.320000 0.000000 0.000000
 -0.318000 0.000000 0.000000
 -0.316000 0.000000 0.000000
 -0.314000 0.000000 0.000000
 -0.312000 0.000000 0.000000
 -0.310000 0.000000 0.000000
 -0.308000 0.000000 0.000000
 -0.306000 0.000000 0.000000
 -0.304000 0.000000 0.000000
 -0.302000 0.000000 0.000000
 -0.300000 0.000000 0.000000
 -0.298000 0.000000 0.000000
 -0.296000 0.000000 0.000000
 -0.294000 0.000000 0.000000
 -0.292000 0.000000 0.000000
 -0.290000 0.000000 0.000000
 -0.288000 0.000000 0.000000
 -0.286000 0.000000 0.000000
 -0.284000 0.000000 0.000000
 -0.282000 0.000000 0.000000
 -0.280000 0.000000 0.000000
 -0.278000 0.000000 0.000000
 -0.276000 0.000000 0.000000
 -0.274000 0.000000 0.000000
 -0.272000 0.000000 0.000000
 -0.270000 0.000000 0.000000
 -0.268000 0.000000 0.000000
 -0.266000 0.000000 0.000000
 -0.264000 0.000000 0.000000
 -0.262000 0.000000 0.000000
 -0.260000 0.000000 0.000000
 -0.258000 0.000000 0.000000
 -0.256000 0.000000 0.000000
 -0.254000 0.000000 0.000000
 -0.252000 0.000000 0.000000
 -0.250000 0.000000 0.000000
 -0.248000 0.000000 0.000000
 -0.246000 0.000000 0.000000
 -0.244000 0.000000 0.000000
 -0.242000 0.000000 0.000000
 -0.240000 0.000000 0.000000
 -0.238000 0.000000 0.000000
 -0.236000 0.000000 0.000000
 -0.234000 0.000000 0.000000
 -0.232000 0.000000 0.000000
 -0.230000 0.000000 0.000000
 -0.228000 0.000000 0.000000
 -0.226000 0.000000 0.000000
 -0.224000 0.000000 0.000000
 -0.222000 0.000000 0.000000
 -0.220000 0.000000 0.000000
 -0.218000 0.000000 0.000000
 -0.216000 0.000000 0.000000
 -0.214000 0.000000 0.000000
 -0.212000 0.000000 0.000000
 -0.210000 0.000000 0.000000
 -0.208000 0.000000 0.000000
 -0.206000 0.000000 0.000000
 -0.204000 0.000000 0.000000
 -0.202000 0.000000 0.000000
 -0.200000 0.000000 0.000000
 -0.198000 0.000000 0.000000
 -0.196000 0.000000 0.000000
 -0.194000 0.000000 0.000000
 -0.192000 0.000000 0.000000
 -0.190000 0.000000 0.000000
 -0.188000 0.000000 0.000000
 -0.186000 0.000000 0.000000
 -0.184000 0.000000 0.000000
 -0.182000 0.000000 0.000000
 -0.180000 0.000000 0.000000
 -0.178000 0.000000 0.000000
 -0.176000 0.000000 0.000000
 -0.174000 0.000000 0.000000
 -0.172000 0.000000 0.000000
 -0.170000 0.000000 0.000000
 -0.168000 0.000000 0.000000
 -0.166000 0.000000 0.000000
 -0.164000 0.000000 0.000000
 -0.162000 0.000000 0.000000
 -0.160000 0.000000 0.000000
 -0.158000 0.000000 0.000000
 -0.156000 0.000000 0.000000
 -0.154000 0.000000 0.000000
 -0.152000 0.000000 0.000000
 -0.150000 0.000000 0.000000
 -0.148000 0.000000 0.000000
 -0.146000 0.000000 0.000000
 -0.144000 0.000000 0.000000
 -0.142000 0.000000 0.000000
 -0.140000 0.000000 0.000000
 -0.138000 0.000000 0.000000
 -0.136000 0.000000 0.000000
 -0.134000 0.000000 0.000000
 -0.132000 0.000000 0.000000
 -0.130000 0.000000 0.000000
 -0.128000 0.000000 0.000000
 -0.126000 0.000000 0.000000
 -0.124000 0.000000 0.000000
 -0.122000 0.000000 0.000000
 -0.120000 0.000000 0.000000
 -0.118000 0.000000 0.000000
 -0.116000 0.000000 0.000000
 -0.114000 0.000000 0.000000
 -0.112000 0.000000 0.000000
 -0.110000 0.000000 0.000000
 -0.108000 0.000000 0.000000
 -0.106000 0.000000 0.000000
 -0.104000 0.000000 0.000000
 -0.102000 0.000000 0.000000
 -0.100000 0.000000 0.000000
 -0.098000 0.000000 0.000000
 -0.096000 0.000000 0.000000
 -0.094000 0.000000 0.000000
 -0.092000 0.000000 0.000000
 -0.090000 0.000000 0.000000
 -0.088000 0.000000 0.000000
 -0.086000 0.000000 0.000000
 -0.084000 0.000000 0.000000
 -0.082000 0.000000 0.000000
 -0.080000 0.000000 0.000000
 -0.078000 0.000000 0.000000
 -0.076000 0.000000 0.000000
 -0.074000 0.000000 0.000000
 -0.072000 0.000000 0.000000
 -0.070000 0.000000 0.000000
 -0.068000 0.000000 0.000000
 -0.066000 0.000000 0.000000
 -0.064000 0.000000 0.000000
 -0.062000 0.000000 0.000000
 -0.060000 0.000000 0.000000
 -0.058000 0.000000 0.000000
 -0.056000 0.000000 0.000000
 -0.054000 0.000000 0.000000
 -0.052000 0.000000 0.000000
 -0.050000 0.000000 0.000000
 -0.048000 0.000000 0.000000
 -0.046000 0.000000 0.000000
 -0.044000 0.000000 0.000000
 -0.042000 0.000000 0.000000
 -0.040000 0.000000 0.000000
 -0.038000 0.000000 0.000000
 -0.036000 0.000000 0.000000
 -0.034000 0.000000 0.000000
 -0.032000 0.000000 0.000000
 -0.030000 0.000000 0.000000
 -0.028000 0.000000 0.000000
 -0.026000 0.000000 0.000000
 -0.024000 0.000000 0.000000
 -0.022000 0.000000 0.000000
 -0.020000 0.000000 0.000000
 -0.018000 0.000000 0.000000
 -0.016000 0.000000 0.000000
 -0.014000 0.000000 0.000000
 -0.012000 0.000000 0.000000
 -0.010000 0.000000 0.000000
 -0.008000 0.000000 0.000000
 -0.006000 0.000000 0.000000
 -0.004000 0.000000 0.000000
 -0.002000 0.000000 0.000000
 0.000000 0.000000 0.000000
 0.002000 0.000000 0.000000
 0.004000 0.000000 0.000000
 0.006000 0.000000 0.000000
 0.008000 0.000000 0.000000
 0.010000 0.000000 0.000000
 0.012000 0.000000 0.000000
 0.014000 0.000000 0.000000
 0.016000 0.000000 0.000000
 0.018000 0.000000 0.000000
 0.020000 0.000000 0.000000
 0.022000 0.000000 0.000000
 0.024000 0.000000 0.000000
 0.026000 0.000000 0.000000
 0.028000 0.000000 0.000000
 0.030000 0.000000 0.000000
 0.032000 0.000000 0.000000
 0.034000 0.000000 0.000000
 0.036000 0.000000 0.000000
 0.038000 0.000000 0.000000
 0.040000 0.000000 0.000000
 0.042000 0.000000 0.000000
 0.044000 0.000000 0.000000
 0.046000 0.000000 0.000000
 0.048000 0.000000 0.000000
 0.050000 0.000000 0.000000
 0.052000 0.000000 0.000000
 0.054000 0.000001 0.000075
 0.056000 0.000001 0.000098
 0.058000 0.000001 0.000128
 0.060000 0.000001 0.000164
 0.062000 0.000002 0.000210
 0.064000 0.000003 0.000356
 0.066000 0.000004 0.000523
 0.068000 0.000007 0.000902
 0.070000 0.000011 0.001476
 0.072000 0.000015 0.002036
 0.074000 0.000022 0.002902
 0.076000 0.000032 0.004170
 0.078000 0.000046 0.005827
 0.080000 0.000065 0.008207
 0.082000 0.000089 0.011201
 0.084000 0.000121 0.015063
 0.086000 0.000164 0.020177
 0.088000 0.000218 0.026382
 0.090000 0.000288 0.034402
 0.092000 0.000381 0.044915
 0.094000 0.000499 0.058051
 0.096000 0.000644 0.073698
 0.098000 0.000830 0.093561
 0.100000 0.001064 0.118178
 0.102000 0.001353 0.147910
 0.104000 0.001707 0.183506
 0.106000 0.002146 0.226892
 0.108000 0.002682 0.278651
 0.110000 0.003343 0.341466
 0.112000 0.004149 0.416785
 0.114000 0.005116 0.504897
 0.116000 0.006281 0.608837
 0.118000 0.007686 0.732025
 0.120000 0.009364 0.875928
 0.122000 0.011358 1.043215
 0.124000 0.013725 1.237973
 0.126000 0.016520 1.462863
 0.128000 0.019799 1.720620
 0.130000 0.023655 2.018253
 0.132000 0.028134 2.354769
 0.134000 0.033354 2.739072
 0.136000 0.039389 3.172546
 0.138000 0.046361 3.662174
 0.140000 0.054392 4.214125
 0.142000 0.063600 4.832157
 0.144000 0.074129 5.522898
 0.146000 0.086127 6.291523
 0.148000 0.099755 7.143919
 0.150000 0.115180 8.085172
 0.152000 0.132578 9.119885
 0.154000 0.152162 10.256283
 0.156000 0.174127 11.498174
 0.158000 0.198702 12.852414
 0.160000 0.226117 14.324211
 0.162000 0.256610 15.918156
 0.164000 0.290428 17.638104
 0.166000 0.327813 19.485747
 0.168000 0.369032 21.464458
 0.170000 0.414330 23.573147
 0.172000 0.463993 25.815330
 0.174000 0.518286 28.190125
 0.176000 0.577456 30.693475
 0.178000 0.641779 33.324599
 0.180000 0.711469 36.073793
 0.182000 0.786781 38.937288
 0.184000 0.867920 41.904736
 0.186000 0.955111 44.969571
 0.188000 1.048503 48.115754
 0.190000 1.148254 51.330558
 0.192000 1.254524 54.604171
 0.194000 1.367350 57.911750
 0.196000 1.486822 61.240160
 0.198000 1.612943 64.567329
 0.200000 1.745708 67.875127
 0.202000 1.885026 71.137729
 0.204000 2.030794 74.333496
 0.206000 2.182862 77.439699
 0.208000 2.341035 80.433995
 0.210000 2.505077 83.294077
 0.212000 2.674659 85.991484
 0.214000 2.849487 88.510075
 0.216000 3.029126 90.820002
 0.218000 3.213136 92.898699
 0.220000 3.401080 94.730620
 0.222000 3.592402 96.290560
 0.224000 3.786532 97.558167
 0.226000 3.982887 98.518027
 0.228000 4.180865 99.158706
 0.230000 4.379755 99.458470
 0.232000 4.578887 99.408259
 0.234000 4.777552 98.997807
 0.236000 4.975020 98.219430
 0.238000 5.170566 97.069711
 0.240000 5.363424 95.543504
 0.242000 5.552856 93.642328
 0.244000 5.738113 91.368947
 0.246000 5.918431 88.725274
 0.248000 6.093079 85.718916
 0.250000 6.261368 82.363762
 0.252000 6.422586 78.669436
 0.254000 6.576098 74.654731
 0.256000 6.721246 70.333895
 0.258000 6.857469 65.731220
 0.260000 6.984212 60.867869
 0.262000 7.100985 55.769945
 0.264000 7.207345 50.463345
 0.266000 7.302915 44.978504
 0.268000 7.387336 39.340774
 0.270000 7.460370 33.584331
 0.272000 7.521785 27.738435
 0.274000 7.571426 21.833136
 0.276000 7.609216 15.899562
 0.278000 7.635132 9.967837
 0.280000 7.649211 4.070242
 0.282000 7.651529 -1.767688
 0.284000 7.642257 -7.517378
 0.286000 7.621586 -13.154246
 0.288000 7.589754 -18.654491
 0.290000 7.547073 -23.995862
 0.292000 7.493874 -29.156242
 0.294000 7.430535 -34.119366
 0.296000 7.357484 -38.870169
 0.298000 7.275152 -43.393657
 0.300000 7.183983 -47.677976
 0.302000 7.084482 -51.714970
 0.304000 6.977151 -55.495894
 0.306000 6.862509 -59.013332
 0.308000 6.741081 -62.264647
 0.310000 6.613414 -65.247851
 0.312000 6.480016 -67.958381
 0.314000 6.341474 -70.402541
 0.316000 6.198303 -72.572854
 0.318000 6.051052 -74.477906
 0.320000 5.900226 -76.119743
 0.322000 5.746366 -77.499810
 0.324000 5.589978 -78.625660
 0.326000 5.431569 -79.503665
 0.328000 5.271631 -80.142321
 0.330000 5.110641 -80.547940
 0.332000 4.949060 -80.729929
 0.334000 4.787325 -80.699373
 0.336000 4.625840 -80.463726
 0.338000 4.465007 -80.035560
 0.340000 4.305202 -79.423097
 0.342000 4.146777 -78.638565
 0.344000 3.990060 -77.695264
 0.346000 3.835363 -76.604467
 0.348000 3.682982 -75.380331
 0.350000 3.533160 -74.033684
 0.352000 3.386149 -72.578023
 0.354000 3.242140 -71.022730
 0.356000 3.101318 -69.379487
 0.358000 2.963859 -67.660228
 0.360000 2.829884 -65.873640
 0.362000 2.699552 -64.035621
 0.364000 2.572938 -62.151317
 0.366000 2.450134 -60.233036
 0.368000 2.331177 -58.284540
 0.370000 2.216144 -56.319900
 0.372000 2.105061 -54.346250
 0.374000 1.997897 -52.365814
 0.376000 1.894715 -50.393531
 0.378000 1.795461 -48.431385
 0.380000 1.700129 -46.487998
 0.382000 1.608653 -44.565951
 0.384000 1.521023 -42.675974
 0.386000 1.437154 -40.819622
 0.388000 1.356970 -39.000252
 0.390000 1.280380 -37.219989
 0.392000 1.207300 -35.482073
 0.394000 1.137676 -33.794806
 0.396000 1.071346 -32.151235
 0.398000 1.008282 -30.562837
 0.400000 0.948364 -29.029229
 0.402000 0.891438 -27.544254
 0.404000 0.837446 -26.115155
 0.406000 0.786289 -24.742935
 0.408000 0.737826 -23.422816
 0.410000 0.691928 -22.150440
 0.412000 0.648562 -20.935284
 0.414000 0.607585 -19.770231
 0.416000 0.568907 -18.655542
 0.418000 0.532418 -17.588747
 0.420000 0.498011 -16.566420
 0.422000 0.465617 -15.590913
 0.424000 0.435129 -14.658437
 0.426000 0.406466 -13.768739
 0.428000 0.379562 -12.923579
 0.430000 0.354328 -12.121214
 0.432000 0.330654 -11.356657
 0.434000 0.308494 -10.633737
 0.436000 0.287740 -9.947117
 0.438000 0.268345 -9.300232
 0.440000 0.250209 -8.688497
 0.442000 0.233269 -8.112498
 0.444000 0.217449 -7.570598
 0.446000 0.202685 -7.062206
 0.448000 0.188896 -6.584383
 0.450000 0.176057 -6.141607
 0.452000 0.164059 -5.725872
 0.454000 0.152875 -5.340424
 0.456000 0.142448 -4.983840
 0.458000 0.132716 -4.653164
 0.460000 0.123628 -4.347102
 0.462000 0.115122 -4.061763
 0.464000 0.107183 -3.799678
 0.466000 0.099749 -3.555968
 0.468000 0.092794 -3.330789
 0.470000 0.086287 -3.123129
 0.472000 0.080182 -2.929414
 0.474000 0.074450 -2.747973
 0.476000 0.069075 -2.578746
 0.478000 0.064024 -2.419318
 0.480000 0.059279 -2.268841
 0.482000 0.054838 -2.128599
 0.484000 0.050672 -1.996345
 0.486000 0.046765 -1.870815
 0.488000 0.043098 -1.750845
 0.490000 0.039671 -1.637679
 0.492000 0.036466 -1.529929
 0.494000 0.033480 -1.428306
 0.496000 0.030697 -1.331669
 0.498000 0.028089 -1.237416
 0.500000 0.025672 -1.148622
 0.502000 0.023443 -1.066201
 0.504000 0.021365 -0.985954
 0.506000 0.019450 -0.910582
 0.508000 0.017683 -0.839287
 0.510000 0.016061 -0.772450
 0.512000 0.014563 -0.708404
 0.514000 0.013187 -0.647655
 0.516000 0.011932 -0.591105
 0.518000 0.010790 -0.538703
 0.520000 0.009755 -0.490476
 0.522000 0.008808 -0.444592
 0.524000 0.007949 -0.401996
 0.526000 0.007178 -0.363421
 0.528000 0.006480 -0.327584
 0.530000 0.005850 -0.294626
 0.532000 0.005287 -0.264841
 0.534000 0.004777 -0.237164
 0.536000 0.004322 -0.212165
 0.538000 0.003915 -0.189720
 0.540000 0.003548 -0.169241
 0.542000 0.003222 -0.151054
 0.544000 0.002932 -0.135054
 0.546000 0.002669 -0.120495
 0.548000 0.002437 -0.108060
 0.550000 0.002225 -0.096581
 0.552000 0.002037 -0.086887
 0.554000 0.001866 -0.078318
 0.556000 0.001715 -0.071395
 0.558000 0.001575 -0.064899
 0.560000 0.001448 -0.059569
 0.562000 0.001330 -0.054647
 0.564000 0.001223 -0.050584
 0.566000 0.001124 -0.047006
 0.568000 0.001031 -0.043704
 0.570000 0.000944 -0.040752
 0.572000 0.000864 -0.038219
 0.574000 0.000788 -0.035773
 0.576000 0.000717 -0.033467
 0.578000 0.000652 -0.031554
 0.580000 0.000588 -0.029348
 0.582000 0.000530 -0.027403
 0.584000 0.000476 -0.025607
 0.586000 0.000427 -0.023902
 0.588000 0.000380 -0.022038
 0.590000 0.000337 -0.020392
 0.592000 0.000298 -0.018765
 0.594000 0.000262 -0.017169
 0.596000 0.000228 -0.015451
 0.598000 0.000198 -0.013840
 0.600000 0.000171 -0.012475
 0.602000 0.000147 -0.011099
 0.604000 0.000126 -0.009881
 0.606000 0.000108 -0.008736
 0.608000 0.000091 -0.007672
 0.610000 0.000077 -0.006621
 0.612000 0.000064 -0.005744
 0.614000 0.000054 -0.004948
 0.616000 0.000044 -0.004233
 0.618000 0.000037 -0.003597
 0.620000 0.000029 -0.002958
 0.622000 0.000024 -0.002485
 0.624000 0.000019 -0.002074
 0.626000 0.000016 -0.001718
 0.628000 0.000013 -0.001414
 0.630000 0.000010 -0.001155
 0.632000 0.000008 -0.000937
 0.634000 0.000006 -0.000756
 0.636000 0.000005 -0.000605
 0.638000 0.000004 -0.000481
 0.640000 0.000002 -0.000309
 0.642000 0.000002 -0.000244
 0.644000 0.000001 -0.000192
 0.646000 0.000001 -0.000149
 0.648000 0.000001 -0.000116
 0.650000 0.000000 0.000000
 0.652000 0.000000 0.000000
 0.654000 0.000000 0.000000
 0.656000 0.000000 0.000000
 0.658000 0.000000 0.000000
 0.660000 0.000000 0.000000
 0.662000 0.000000 0.000000
 0.664000 0.000000 0.000000
 0.666000 0.000000 0.000000
 0.668000 0.000000 0.000000
 0.670000 0.000000 0.000000
 0.672000 0.000000 0.000000
 0.674000 0.000000 0.000000
 0.676000 0.000000 0.000000
 0.678000 0.000000 0.000000
 0.680000 0.000000 0.000000
 0.682000 0.000000 0.000000
 0.684000 0.000000 0.000000
 0.686000 0.000000 0.000000
 0.688000 0.000000 0.000000
 0.690000 0.000000 0.000000
 0.692000 0.000000 0.000000
 0.694000 0.000000 0.000000
 0.696000 0.000000 0.000000
 0.698000 0.000000 0.000000
 0.700000 0.000000 0.000000
 0.702000 0.000000 0.000000
 0.704000 0.000000 0.000000
 0.706000 0.000000 0.000000
 0.708000 0.000000 0.000000
 0.710000 0.000000 0.000000
 0.712000 0.000000 0.000000
 0.714000 0.000000 0.000000
 0.716000 0.000000 0.000000
 0.718000 0.000000 0.000000
 0.720000 0.000000 0.000000
 0.722000 0.000000 0.000000
 0.724000 0.000000 0.000000
 0.726000 0.000000 0.000000
 0.728000 0.000000 0.000000
 0.730000 0.000000 0.000000
 0.732000 0.000000 0.000000
 0.734000 0.000000 0.000000
 0.736000 0.000000 0.000000
 0.738000 0.000000 0.000000
 0.740000 0.000000 0.000000
 0.742000 0.000000 0.000000
 0.744000 0.000000 0.000000
 0.746000 0.000000 0.000000
 0.748000 0.000000 0.000000
 0.750000 0.000000 0.000000
 0.752000 0.000000 0.000000
 0.754000 0.000000 0.000000
 0.756000 0.000000 0.000000
 0.758000 0.000000 0.000000
 0.760000 0.000000 0.000000
 0.762000 0.000000 0.000000
 0.764000 0.000000 0.000000
 0.766000 0.000000 0.000000
 0.768000 0.000000 0.000000
 0.770000 0.000000 0.000000
 0.772000 0.000000 0.000000
 0.774000 0.000000 0.000000
 0.776000 0.000000 0.000000
 0.778000 0.000000 0.000000
 0.780000 0.000000 0.000000
 0.782000 0.000000 0.000000
 0.784000 0.000000 0.000000
 0.786000 0.000000 0.000000
 0.788000 0.000000 0.000000
 0.790000 0.000000 0.000000
 0.792000 0.000000 0.000000
 0.794000 0.000000 0.000000
 0.796000 0.000000 0.000000
 0.798000 0.000000 0.000000
 0.800000 0.000000 0.000000
 0.802000 0.000000 0.000000
 0.804000 0.000000 0.000000
 0.806000 0.000000 0.000000
 0.808000 0.000000 0.000000
 0.810000 0.000000 0.000000
 0.812000 0.000000 0.000000
 0.814000 0.000000 0.000000
 0.816000 0.000000 0.000000
 0.818000 0.000000 0.000000
 0.820000 0.000000 0.000000
 0.822000 0.000000 0.000000
 0.824000 0.000000 0.000000
 0.826000 0.000000 0.000000
 0.828000 0.000000 0.000000
 0.830000 0.000000 0.000000
 0.832000 0.000000 0.000000
 0.834000 0.000000 0.000000
 0.836000 0.000000 0.000000
 0.838000 0.000000 0.000000
 0.840000 0.000000 0.000000
 0.842000 0.000000 0.000000
 0.844000 0.000000 0.000000
 0.846000 0.000000 0.000000
 0.848000 0.000000 0.000000
 0.850000 0.000000 0.000000
 0.852000 0.000000 0.000000
 0.854000 0.000000 0.000000
 0.856000 0.000000 0.000000
 0.858000 0.000000 0.000000
 0.860000 0.000000 0.000000
 0.862000 0.000000 0.000000
 0.864000 0.000000 0.000000
 0.866000 0.000000 0.000000
 0.868000 0.000000 0.000000
 0.870000 0.000000 0.000000
 0.872000 0.000000 0.000000
 0.874000 0.000000 0.000000
 0.876000 0.000000 0.000000
 0.878000 0.000000 0.000000
 0.880000 0.000000 0.000000
 0.882000 0.000000 0.000000
 0.884000 0.000000 0.000000
 0.886000 0.000000 0.000000
 0.888000 0.000000 0.000000
 0.890000 0.000000 0.000000
 0.892000 0.000000 0.000000
 0.894000 0.000000 0.000000
 0.896000 0.000000 0.000000
 0.898000 0.000000 0.000000
 0.900000 0.000000 0.000000
 0.902000 0.000000 0.000000
 0.904000 0.000000 0.000000
 0.906000 0.000000 0.000000
 0.908000 0.000000 0.000000
 0.910000 0.000000 0.000000
 0.912000 0.000000 0.000000
 0.914000 0.000000 0.000000
 0.916000 0.000000 0.000000
 0.918000 0.000000 0.000000
 0.920000 0.000000 0.000000
 0.922000 0.000000 0.000000
 0.924000 0.000000 0.000000
 0.926000 0.000000 0.000000
 0.928000 0.000000 0.000000
 0.930000 0.000000 0.000000
 0.932000 0.000000 0.000000
 0.934000 0.000000 0.000000
 0.936000 0.000000 0.000000
 0.938000 0.000000 0.000000
 0.940000 0.000000 0.000000
 0.942000 0.000000 0.000000
 0.944000 0.000000 0.000000
 0.946000 0.000000 0.000000
 0.948000 0.000000 0.000000
 0.950000 0.000000 0.000000
 0.952000 0.000000 0.000000
 0.954000 0.000000 0.000000
 0.956000 0.000000 0.000000
 0.958000 0.000000 0.000000
 0.960000 0.000000 0.000000
 0.962000 0.000000 0.000000
 0.964000 0.000000 0.000000
 0.966000 0.000000 0.000000
 0.968000 0.000000 0.000000
 0.970000 0.000000 0.000000
 0.972000 0.000000 0.000000
 0.974000 0.000000 0.000000
 0.976000 0.000000 0.000000
 0.978000 0.000000 0.000000
 0.980000 0.000000 0.000000
 0.982000 0.000000 0.000000
 0.984000 0.000000 0.000000
 0.986000 0.000000 0.000000
 0.988000 0.000000 0.000000
 0.990000 0.000000 0.000000
 0.992000 0.000000 0.000000
 0.994000 0.000000 0.000000
 0.996000 0.000000 0.000000
 0.998000 0.000000 0.000000
 1.000000 0.000000 0.000000
 1.002000 0.000000 0.000000
 1.004000 0.000000 0.000000
 1.006000 0.000000 0.000000
 1.008000 0.000000 0.000000
 1.010000 0.000000 0.000000
 1.012000 0.000000 0.000000
 1.014000 0.000000 0.000000
 1.016000 0.000000 0.000000
 1.018000 0.000000 0.000000
 1.020000 0.000000 0.000000
 1.022000 0.000000 0.000000
 1.024000 0.000000 0.000000
 1.026000 0.000000 0.000000
 1.028000 0.000000 0.000000
 1.030000 0.000000 0.000000
 1.032000 0.000000 0.000000
 1.034000 0.000000 0.000000
 1.036000 0.000000 0.000000
 1.038000 0.000000 0.000000
 1.040000 0.000000 0.000000
 1.042000 0.000000 0.000000
 1.044000 0.000000 0.000000
 1.046000 0.000000 0.000000
 1.048000 0.000000 0.000000
 1.050000 0.000000 0.000000
 1.052000 0.000000 0.000000
 1.054000 0.000000 0.000000
 1.056000 0.000000 0.000000
 1.058000 0.000000 0.000000
 1.060000 0.000000 0.000000
 1.062000 0.000000 0.000000
 1.064000 0.000000 0.000000
 1.066000 0.000000 0.000000
 1.068000 0.000000 0.000000
 1.070000 0.000000 0.000000
 1.072000 0.000000 0.000000
 1.074000 0.000000 0.000000
 1.076000 0.000000 0.000000
 1.078000 0.000000 0.000000
 1.080000 0.000000 0.000000
 1.082000 0.000000 0.000000
 1.084000 0.000000 0.000000
 1.086000 0.000000 0.000000
 1.088000 0.000000 0.000000
 1.090000 0.000000 0.000000
 1.092000 0.000000 0.000000
 1.094000 0.000000 0.000000
 1.096000 0.000000 0.000000
 1.098000 0.000000 0.000000
 1.100000 0.000000 0.000000
 1.102000 0.000000 0.000000
 1.104000 0.000000 0.000000
 1.106000 0.000000 0.000000
 1.108000 0.000000 0.000000
 1.110000 0.000000 0.000000
 1.112000 0.000000 0.000000
 1.114000 0.000000 0.000000
 1.116000 0.000000 0.000000
 1.118000 0.000000 0.000000
 1.120000 0.000000 0.000000
 1.122000 0.000000 0.000000
 1.124000 0.000000 0.000000
 1.126000 0.000000 0.000000
 1.128000 0.000000 0.000000
 1.130000 0.000000 0.000000
 1.132000 0.000000 0.000000
 1.134000 0.000000 0.000000
 1.136000 0.000000 0.000000
 1.138000 0.000000 0.000000
 1.140000 0.000000 0.000000
 1.142000 0.000000 0.000000
 1.144000 0.000000 0.000000
 1.146000 0.000000 0.000000
 1.148000 0.000000 0.000000
 1.150000 0.000000 0.000000
 1.152000 0.000000 0.000000
 1.154000 0.000000 0.000000
 1.156000 0.000000 0.000000
 1.158000 0.000000 0.000000
 1.160000 0.000000 0.000000
 1.162000 0.000000 0.000000
 1.164000 0.000000 0.000000
 1.166000 0.000000 0.000000
 1.168000 0.000000 0.000000
 1.170000 0.000000 0.000000
 1.172000 0.000000 0.000000
 1.174000 0.000000 0.000000
 1.176000 0.000000 0.000000
 1.178000 0.000000 0.000000
 1.180000 0.000000 0.000000
 1.182000 0.000000 0.000000
 1.184000 0.000000 0.000000
 1.186000 0.000000 0.000000
 1.188000 0.000000 0.000000
 1.190000 0.000000 0.000000
 1.192000 0.000000 0.000000
 1.194000 0.000000 0.000000
 1.196000 0.000000 0.000000
 1.198000 0.000000 0.000000
 1.200000 0.000000 0.000000
 1.202000 0.000000 0.000000
 1.204000 0.000000 0.000000
 1.206000 0.000000 0.000000
 1.208000 0.000000 0.000000
 1.210000 0.000000 0.000000
 1.212000 0.000000 0.000000
 1.214000 0.000000 0.000000
 1.216000 0.000000 0.000000
 1.218000 0.000000 0.000000
 1.220000 0.000000 0.000000
 1.222000 0.000000 0.000000
 1.224000 0.000000 0.000000
 1.226000 0.000000 0.000000
 1.228000 0.000000 0.000000
 1.230000 0.000000 0.000000
 1.232000 0.000000 0.000000
 1.234000 0.000000 0.000000
 1.236000 0.000000 0.000000
 1.238000 0.000000 0.000000
 1.240000 0.000000 0.000000
 1.242000 0.000000 0.000000
 1.244000 0.000000 0.000000
 1.246000 0.000000 0.000000
 1.248000 0.000000 0.000000
 1.250000 0.000000 0.000000
 1.252000 0.000000 0.000000
 1.254000 0.000000 0.000000
 1.256000 0.000000 0.000000
 1.258000 0.000000 0.000000
 1.260000 0.000000 0.000000
 1.262000 0.000000 0.000000
 1.264000 0.000000 0.000000
 1.266000 0.000000 0.000000
 1.268000 0.000000 0.000000
 1.270000 0.000000 0.000000
 1.272000 0.000000 0.000000
 1.274000 0.000000 0.000000
 1.276000 0.000000 0.000000
 1.278000 0.000000 0.000000
 1.280000 0.000000 0.000000
 1.282000 0.000000 0.000000
 1.284000 0.000000 0.000000
 1.286000 0.000000 0.000000
 1.288000 0.000000 0.000000
 1.290000 0.000000 0.000000
 1.292000 0.000000 0.000000
 1.294000 0.000000 0.000000
 1.296000 0.000000 0.000000
 1.298000 0.000000 0.000000
 1.300000 0.000000 0.000000
 1.302000 0.000000 0.000000
 1.304000 0.000000 0.000000
 1.306000 0.000000 0.000000
 1.308000 0.000000 0.000000
 1.310000 0.000000 0.000000
 1.312000 0.000000 0.000000
 1.314000 0.000000 0.000000
 1.316000 0.000000 0.000000
 1.318000 0.000000 0.000000
 1.320000 0.000000 0.000000
 1.322000 0.000000 0.000000
 1.324000 0.000000 0.000000
 1.326000 0.000000 0.000000
 1.328000 0.000000 0.000000
 1.330000 0.000000 0.000000
 1.332000 0.000000 0.000000
 1.334000 0.000000 0.000000
 1.336000 0.000000 0.000000
 1.338000 0.000000 0.000000
 1.340000 0.000000 0.000000
 1.342000 0.000000 0.000000
 1.344000 0.000000 0.000000
 1.346000 0.000000 0.000000
 1.348000 0.000000 0.000000
 1.350000 0.000000 0.000000
 1.352000 0.000000 0.000000
 1.354000 0.000000 0.000000
 1.356000 0.000000 0.000000
 1.358000 0.000000 0.000000
 1.360000 0.000000 0.000000
 1.362000 0.000000 0.000000
 1.364000 0.000000 0.000000
 1.366000 0.000000 0.000000
 1.368000 0.000000 0.000000
 1.370000 0.000000 0.000000
 1.372000 0.000000 0.000000
 1.374000 0.000000 0.000000
 1.376000 0.000000 0.000000
 1.378000 0.000000 0.000000
 1.380000 0.000000 0.000000
 1.382000 0.000000 0.000000
 1.384000 0.000000 0.000000
 1.386000 0.000000 0.000000
 1.388000 0.000000 0.000000
 1.390000 0.000000 0.000000
 1.392000 0.000000 0.000000
 1.394000 0.000000 0.000000
 1.396000 0.000000 0.000000
 1.398000 0.000000 0.000000
 1.400000 0.000000 0.000000
 1.402000 0.000000 0.000000
 1.404000 0.000000 0.000000
 1.406000 0.000000 0.000000
 1.408000 0.000000 0.000000
 1.410000 0.000000 0.000000
 1.412000 0.000000 0.000000
 1.414000 0.000000 0.000000
 1.416000 0.000000 0.000000
 1.418000 0.000000 0.000000
 1.420000 0.000000 0.000000
 1.422000 0.000000 0.000000
 1.424000 0.000000 0.000000
 1.426000 0.000000 0.000000
 1.428000 0.000000 0.000000
 1.430000 0.000000 0.000000
 1.432000 0.000000 0.000000
 1.434000 0.000000 0.000000
 1.436000 0.000000 0.000000
 1.438000 0.000000 0.000000
 1.440000 0.000000 0.000000
 1.442000 0.000000 0.000000
 1.444000 0.000000 0.000000
 1.446000 0.000000 0.000000
 1.448000 0.000000 0.000000
 1.450000 0.000000 0.000000
 1.452000 0.000000 0.000000
 1.454000 0.000000 0.000000
 1.456000 0.000000 0.000000
 1.458000 0.000000 0.000000
 1.460000 0.000000 0.000000
 1.462000 0.000000 0.000000
 1.464000 0.000000 0.000000
 1.466000 0.000000 0.000000
 1.468000 0.000000 0.000000
 1.470000 0.000000 0.000000
 1.472000 0.000000 0.000000
 1.474000 0.000000 0.000000
 1.476000 0.000000 0.000000
 1.478000 0.000000 0.000000
 1.480000 0.000000 0.000000
 1.482000 0.000000 0.000000
 1.484000 0.000000 0.000000
 1.486000 0.000000 0.000000
 1.488000 0.000000 0.000000
 1.490000 0.000000 0.000000
 1.492000 0.000000 0.000000
 1.494000 0.000000 0.000000
 1.496000 0.000000 0.000000
 1.498000 0.000000 0.000000
 1.500000 0.000000 0.000000
