#! FIELDS time vol refcv.mean refcv.morethan refcv2.mean refcv2.morethan q6.vmean
 0.000000 9.086580 0.999247 287.928591 0.714492 277.764435 0.539572
 1.000000 9.374175 0.773261 283.141644 0.572309 203.101821 0.389893
 2.000000 9.624049 0.784363 284.226563 0.572325 201.484188 0.401830
 3.000000 9.464527 0.783281 285.084324 0.573260 202.172276 0.395995
 4.000000 9.527448 0.794239 285.948558 0.578571 210.573822 0.406832
 5.000000 9.500647 0.800314 284.781037 0.583123 212.315360 0.405186
 6.000000 9.468336 0.797204 285.689237 0.585192 212.167781 0.401352
 7.000000 9.494255 0.806293 285.920959 0.587561 217.726201 0.412269
 8.000000 9.531828 0.787696 284.832719 0.576850 206.310989 0.393009
 9.000000 9.514721 0.796228 285.437354 0.584039 214.506316 0.412370
 10.000000 9.459937 0.808050 285.201794 0.593471 218.046527 0.406846
 11.000000 9.435462 0.816847 286.570903 0.596478 217.491838 0.414818
 12.000000 9.503164 0.796148 285.601803 0.582160 212.609239 0.409563
 13.000000 9.596355 0.796751 285.888973 0.582979 212.090941 0.399449
 14.000000 9.494342 0.809448 284.209775 0.588098 216.662759 0.419454
 15.000000 9.465088 0.820143 286.165034 0.595153 223.313712 0.412011
 16.000000 9.448514 0.811904 285.134083 0.592114 215.696163 0.410255
 17.000000 9.544701 0.796777 283.299404 0.583208 207.046448 0.404604
 18.000000 9.483543 0.786808 285.190476 0.573492 207.474201 0.390860
 19.000000 9.516708 0.804855 284.898458 0.584462 215.443692 0.414380
 20.000000 9.410034 0.794547 285.446312 0.580060 210.699119 0.397663
 21.000000 9.542243 0.807391 286.270306 0.586249 213.574564 0.412379
 22.000000 9.495209 0.797058 284.772059 0.578412 210.729678 0.396524
 23.000000 9.516690 0.858189 287.358096 0.622278 241.013802 0.440797
 24.000000 9.488262 0.841061 287.129787 0.608363 231.535664 0.439215
 25.000000 9.490460 0.807102 283.731168 0.586842 213.873188 0.401612
 26.000000 9.461078 0.813222 286.037762 0.588356 219.187192 0.416031
 27.000000 9.553307 0.806174 286.375331 0.586468 215.388186 0.409237
 28.000000 9.544080 0.820952 286.613763 0.596206 217.488122 0.419711
 29.000000 9.390088 0.825694 286.290362 0.597100 226.592947 0.418081
 30.000000 9.511386 0.805254 285.434138 0.585249 209.418146 0.404488
 31.000000 9.546846 0.823001 286.609450 0.599040 226.281409 0.424098
 32.000000 9.536154 0.813934 285.948390 0.593461 218.524793 0.411929
 33.000000 9.538046 0.824192 286.451422 0.597865 224.031663 0.422995
 34.000000 9.507842 0.795880 284.648621 0.581170 214.539371 0.402180
 35.000000 9.599754 0.839277 286.640249 0.608627 231.667970 0.425009
 36.000000 9.506559 0.804060 285.599601 0.589285 216.093493 0.411455
 37.000000 9.558409 0.820848 285.997782 0.597069 222.441413 0.419050
 38.000000 9.478898 0.787938 284.398314 0.577014 207.704618 0.402029
 39.000000 9.521178 0.813977 286.308896 0.592839 218.655461 0.418207
 40.000000 9.420075 0.831144 287.049540 0.601643 228.825183 0.419212
 41.000000 9.536595 0.821784 286.610315 0.597106 226.157690 0.422094
 42.000000 9.602949 0.822619 286.581432 0.598008 223.889740 0.413954
 43.000000 9.528660 0.805184 285.798816 0.588350 217.020184 0.407874
 44.000000 9.493461 0.809770 285.711100 0.589549 220.009201 0.410152
 45.000000 9.479093 0.800205 285.558705 0.585649 216.988591 0.399936
 46.000000 9.564277 0.799872 285.928311 0.583684 212.091147 0.410183
 47.000000 9.554519 0.820355 285.770079 0.596200 227.296621 0.408005
 48.000000 9.498293 0.816215 286.420869 0.594730 217.965931 0.412731
 49.000000 9.549851 0.819884 286.546453 0.595675 224.564074 0.415991
 50.000000 9.544381 0.796490 285.881662 0.579092 214.404512 0.402810
 51.000000 9.620510 0.827930 286.654174 0.602433 227.313682 0.426501
 52.000000 9.485586 0.826062 286.594179 0.601744 227.952511 0.419361
 53.000000 9.532788 0.822187 286.240541 0.598668 225.799445 0.430486
 54.000000 9.478682 0.819008 286.542615 0.596005 222.946979 0.414913
 55.000000 9.468238 0.801920 286.090472 0.582985 208.879220 0.408365
 56.000000 9.452754 0.801376 285.939184 0.584880 212.698941 0.408031
 57.000000 9.445898 0.780102 283.206368 0.568432 202.155337 0.386524
 58.000000 9.489003 0.809680 285.815871 0.589630 215.508164 0.415313
 59.000000 9.465383 0.793131 284.765002 0.579216 210.371696 0.396060
 60.000000 9.549875 0.793781 283.102211 0.578777 211.291383 0.405823
 61.000000 9.487888 0.803516 286.208044 0.584021 213.982520 0.402632
 62.000000 9.508113 0.823584 286.960955 0.597393 226.984068 0.421387
 63.000000 9.439520 0.806008 285.794869 0.588741 219.816798 0.412053
 64.000000 9.530602 0.819836 286.285539 0.597527 223.065597 0.413889
 65.000000 9.518697 0.811986 286.025706 0.591162 219.188607 0.418889
 66.000000 9.455837 0.829813 286.879462 0.602325 230.316448 0.423192
 67.000000 9.520944 0.814595 286.470317 0.592700 221.052197 0.414668
 68.000000 9.513709 0.814982 286.406736 0.592100 220.982301 0.417558
 69.000000 9.472491 0.795461 285.468850 0.578877 210.271863 0.401062
 70.000000 9.558501 0.808095 286.523492 0.589742 216.927034 0.407764
 71.000000 9.372566 0.811452 285.457407 0.591564 216.978585 0.401701
 72.000000 9.530512 0.814981 286.398110 0.594822 219.511155 0.414205
 73.000000 9.536054 0.808136 285.768390 0.591605 215.028756 0.407272
 74.000000 9.415269 0.812239 286.021170 0.591164 217.560235 0.416576
 75.000000 9.506849 0.782538 284.784354 0.572047 206.767454 0.395254
 76.000000 9.523923 0.787629 284.142342 0.574447 203.899331 0.393169
 77.000000 9.508380 0.830429 286.674145 0.605017 228.106291 0.426342
 78.000000 9.591201 0.790851 285.749925 0.579716 210.315532 0.393189
 79.000000 9.474398 0.787068 282.870135 0.576223 205.325058 0.400485
 80.000000 9.563097 0.802423 286.024953 0.588532 217.185666 0.404641
 81.000000 9.481111 0.811733 286.430657 0.592240 220.051018 0.408924
 82.000000 9.476874 0.809054 285.964760 0.590846 220.215642 0.414964
 83.000000 9.536838 0.826867 286.241734 0.603724 228.409165 0.418580
 84.000000 9.464747 0.824776 286.700667 0.601971 224.534143 0.421203
 85.000000 9.543081 0.827284 286.581649 0.601462 229.027086 0.421104
 86.000000 9.555016 0.826629 286.335050 0.600750 226.942932 0.417331
 87.000000 9.492323 0.826503 286.390482 0.603754 225.777332 0.424681
 88.000000 9.557276 0.814680 286.022371 0.597414 223.142864 0.412047
 89.000000 9.597675 0.824899 286.471538 0.602042 225.749641 0.421622
 90.000000 9.475456 0.808421 285.560138 0.587346 216.382633 0.405498
 91.000000 9.486048 0.837228 286.647270 0.606170 228.818380 0.426004
 92.000000 9.545545 0.819191 286.308453 0.597581 221.074503 0.426681
 93.000000 9.458855 0.810485 286.209962 0.586255 214.099154 0.403746
 94.000000 9.478488 0.803971 285.856229 0.583827 211.473333 0.406741
 95.000000 9.602860 0.802725 285.205746 0.588442 211.880096 0.406747
 96.000000 9.549160 0.835079 286.850441 0.607466 228.331006 0.429018
 97.000000 9.335204 0.807092 285.790698 0.589097 217.119933 0.410183
 98.000000 9.532655 0.811941 286.057455 0.590337 214.923966 0.412781
 99.000000 9.514968 0.795766 285.279329 0.579605 209.468826 0.403393
 100.000000 9.452989 0.805911 285.937358 0.585938 215.780979 0.401928
 101.000000 9.426937 0.793783 285.164130 0.575075 207.624256 0.400527
 102.000000 9.498752 0.810956 285.943716 0.592083 215.360898 0.416875
 103.000000 9.489863 0.808730 286.269346 0.587968 214.429762 0.402760
 104.000000 9.494065 0.813252 285.808168 0.591585 216.147862 0.414874
 105.000000 9.412468 0.820998 286.431801 0.595812 222.678213 0.418325
 106.000000 9.565738 0.798798 285.526062 0.582485 213.769589 0.396601
 107.000000 9.500163 0.804334 286.152682 0.583935 212.942605 0.407330
 108.000000 9.439586 0.804046 286.055317 0.583928 213.513673 0.400990
 109.000000 9.512846 0.792600 285.329906 0.579136 210.264708 0.399743
 110.000000 9.546015 0.809842 286.272172 0.591913 221.539069 0.399828
 111.000000 9.493368 0.809274 284.789354 0.589895 220.864924 0.405304
 112.000000 9.641888 0.807522 286.014348 0.593346 218.541213 0.416291
 113.000000 9.481352 0.809556 286.310071 0.591603 220.449946 0.405664
 114.000000 9.561798 0.805233 285.792043 0.591439 215.187832 0.408578
 115.000000 9.559043 0.815084 286.077436 0.593738 222.542255 0.410080
 116.000000 9.488556 0.788210 285.233240 0.571978 205.502051 0.390368
 117.000000 9.502040 0.813373 286.052781 0.593281 218.988480 0.411562
 118.000000 9.524413 0.832175 286.739783 0.604860 226.959588 0.421802
 119.000000 9.503018 0.808711 286.209212 0.592769 223.040979 0.412847
 120.000000 9.526736 0.812347 286.536209 0.588665 220.549089 0.414829
 121.000000 9.576490 0.802164 286.287739 0.587767 216.320571 0.406418
 122.000000 9.483531 0.819169 286.511432 0.600566 224.271954 0.417957
 123.000000 9.479607 0.816891 286.214587 0.595560 222.622665 0.409563
 124.000000 9.456078 0.816063 286.067492 0.599464 225.593102 0.415920
 125.000000 9.542663 0.788775 285.101128 0.576638 205.897511 0.391781
 126.000000 9.451205 0.801756 285.876507 0.586529 218.978233 0.404176
 127.000000 9.484318 0.815613 286.336741 0.592348 218.801539 0.412577
 128.000000 9.593286 0.817978 286.184421 0.594103 223.736098 0.417989
 129.000000 9.472174 0.793472 285.243437 0.581089 213.219885 0.400924
 130.000000 9.553289 0.818146 286.203291 0.598266 220.259939 0.414045
 131.000000 9.416595 0.806128 285.890525 0.590859 217.229622 0.406235
 132.000000 9.512007 0.816341 286.462654 0.594770 221.202560 0.413932
 133.000000 9.544604 0.802177 285.196066 0.588029 214.328046 0.405756
 134.000000 9.659289 0.812200 286.019605 0.591541 220.626637 0.413806
 135.000000 9.495906 0.826388 286.536364 0.600543 226.596655 0.420627
 136.000000 9.434839 0.799048 285.413619 0.582202 208.597243 0.403638
 137.000000 9.595987 0.803960 286.104471 0.586627 213.259905 0.412644
 138.000000 9.538696 0.818699 286.276111 0.598131 222.397287 0.419446
 139.000000 9.471817 0.820395 285.238723 0.595962 222.194585 0.417334
 140.000000 9.535419 0.810629 286.078297 0.591155 217.625391 0.411380
 141.000000 9.437235 0.813677 285.562189 0.593849 216.319526 0.409003
 142.000000 9.495592 0.819961 286.433663 0.596350 221.626779 0.421035
 143.000000 9.511664 0.802816 286.067737 0.586050 215.683487 0.404222
 144.000000 9.510039 0.825454 285.903566 0.604159 228.473247 0.421517
 145.000000 9.523242 0.815739 286.252432 0.594150 219.417696 0.414170
 146.000000 9.482269 0.833333 286.726194 0.608546 229.396545 0.422065
 147.000000 9.520119 0.814042 286.087939 0.594032 219.536114 0.409871
 148.000000 9.652351 0.830974 286.779009 0.606307 228.014849 0.424740
 149.000000 9.462265 0.829724 286.855179 0.604759 229.944888 0.429612
 150.000000 9.549222 0.835628 286.886571 0.607200 232.238479 0.428004
 151.000000 9.505905 0.815687 286.459726 0.596466 218.277776 0.414475
 152.000000 9.594208 0.811673 285.600294 0.592069 221.488204 0.408761
 153.000000 9.597868 0.820633 286.429571 0.596702 221.926115 0.414965
 154.000000 9.462286 0.825542 286.772518 0.598991 224.170964 0.419450
 155.000000 9.542718 0.829496 286.347272 0.603105 232.692688 0.417796
 156.000000 9.566193 0.830027 286.693087 0.605341 228.391196 0.434086
 157.000000 9.558251 0.822616 286.291222 0.599331 225.940072 0.412873
 158.000000 9.502378 0.859160 287.318702 0.623573 241.756954 0.443583
 159.000000 9.463569 0.826265 286.707579 0.601073 224.430362 0.421654
 160.000000 9.498466 0.824704 286.543936 0.598937 224.974315 0.417728
 161.000000 9.558239 0.820262 286.671996 0.600455 224.592881 0.426813
 162.000000 9.503263 0.813258 286.162528 0.592517 217.519508 0.409506
 163.000000 9.456066 0.820174 286.198598 0.595333 219.820034 0.415942
 164.000000 9.600933 0.797321 285.578426 0.585932 214.642568 0.408229
 165.000000 9.489814 0.800218 285.005428 0.586112 213.200964 0.398423
 166.000000 9.409923 0.805074 285.668767 0.588620 216.683092 0.418424
 167.000000 9.544262 0.809464 286.270760 0.591031 221.948908 0.407381
 168.000000 9.648330 0.822230 286.777867 0.602286 225.193248 0.423725
 169.000000 9.444289 0.820075 286.621090 0.597425 223.567242 0.413718
 170.000000 9.536606 0.819397 286.555388 0.595299 224.896083 0.418383
 171.000000 9.559783 0.825608 286.801515 0.604980 231.334681 0.430451
 172.000000 9.590731 0.813449 286.117123 0.592919 222.299620 0.408972
 173.000000 9.482023 0.829491 286.753411 0.606909 227.936844 0.427472
 174.000000 9.474154 0.840042 286.760531 0.608624 233.058169 0.425033
 175.000000 9.539130 0.833833 285.576017 0.607681 229.603431 0.430778
 176.000000 9.502947 0.808775 286.331647 0.590860 217.307513 0.407284
 177.000000 9.581378 0.814392 286.067334 0.592820 218.742233 0.411098
 178.000000 9.539552 0.822878 286.304813 0.602358 225.982813 0.424626
 179.000000 9.499615 0.818452 286.674251 0.594898 224.969546 0.408226
 180.000000 9.443409 0.822746 286.694652 0.598931 222.525256 0.422778
 181.000000 9.525529 0.796565 284.960283 0.580397 206.622607 0.403780
 182.000000 9.522885 0.808542 286.225546 0.587876 213.643686 0.412418
 183.000000 9.576760 0.822143 286.607943 0.600662 224.229276 0.422157
 184.000000 9.556848 0.807700 286.326037 0.587185 216.017154 0.407878
 185.000000 9.413975 0.788224 284.674192 0.575621 205.155914 0.398921
 186.000000 9.439626 0.815804 286.149173 0.591748 221.059978 0.412011
 187.000000 9.446508 0.801437 285.712149 0.585615 215.310415 0.400157
 188.000000 9.605190 0.810543 285.954051 0.590574 219.191856 0.413576
 189.000000 9.510345 0.806523 285.811573 0.588321 217.599103 0.399711
 190.000000 9.433105 0.818663 285.291924 0.595604 221.059450 0.419265
 191.000000 9.571300 0.819356 285.918311 0.595658 221.527779 0.415726
 192.000000 9.522057 0.813272 286.235550 0.592297 218.979510 0.409722
 193.000000 9.491358 0.803264 286.060968 0.586197 213.118756 0.408682
 194.000000 9.520671 0.815174 286.589320 0.594424 219.404408 0.406308
 195.000000 9.455925 0.819225 286.660906 0.593497 222.269137 0.417908
 196.000000 9.520801 0.811242 285.586756 0.589593 218.078765 0.412639
 197.000000 9.494932 0.807043 285.754615 0.590208 215.021264 0.405007
 198.000000 9.560751 0.821265 286.724813 0.599474 221.939555 0.424858
 199.000000 9.364804 0.789374 284.790457 0.576802 203.587901 0.386673
 200.000000 9.579338 0.806261 285.836242 0.589953 217.843954 0.409609
 201.000000 9.536296 0.807459 286.227245 0.590575 218.250890 0.408373
 202.000000 9.475025 0.820121 286.169018 0.600218 225.426353 0.409769
 203.000000 9.450741 0.794212 285.400973 0.579349 210.809618 0.403965
 204.000000 9.474952 0.817241 286.300106 0.597031 222.607385 0.415536
 205.000000 9.478220 0.817959 286.409937 0.597122 219.626737 0.421598
 206.000000 9.597278 0.817788 285.961407 0.594983 223.415575 0.419071
 207.000000 9.412156 0.780824 284.780415 0.570048 201.010783 0.382810
 208.000000 9.462602 0.815846 286.164519 0.592145 218.420348 0.418153
 209.000000 9.562733 0.810275 286.423506 0.588313 212.750891 0.412098
 210.000000 9.480291 0.801702 285.898481 0.582298 214.057067 0.407385
 211.000000 9.448023 0.824737 286.181115 0.596600 225.376463 0.419392
 212.000000 9.433357 0.793232 285.502476 0.579535 205.017035 0.393037
 213.000000 9.450054 0.812143 286.326290 0.589097 218.871155 0.413203
 214.000000 9.539880 0.803344 285.830246 0.587580 217.021803 0.402381
 215.000000 9.433489 0.783852 284.173463 0.570015 204.723895 0.398656
 216.000000 9.488014 0.808914 285.960108 0.587980 218.637795 0.408732
 217.000000 9.539641 0.796032 285.064997 0.582641 211.962618 0.399281
 218.000000 9.407589 0.807219 284.840587 0.590689 212.859029 0.415375
 219.000000 9.452324 0.807928 285.891361 0.590163 216.716534 0.400795
 220.000000 9.477731 0.789958 284.821108 0.577913 207.602841 0.397636
 221.000000 9.458237 0.791880 285.701741 0.576374 209.768005 0.392005
 222.000000 9.564052 0.804568 285.251558 0.586022 215.252539 0.398781
 223.000000 9.592342 0.808134 285.786925 0.592285 214.468930 0.409145
 224.000000 9.501149 0.817681 286.317232 0.594909 222.936496 0.410097
 225.000000 9.419004 0.810248 286.041158 0.587065 216.572764 0.408342
 226.000000 9.557208 0.810287 286.417250 0.591091 215.298853 0.413447
 227.000000 9.426817 0.800074 285.483686 0.584442 211.852606 0.396721
 228.000000 9.449081 0.821234 286.162965 0.597849 221.918032 0.416884
 229.000000 9.584889 0.802910 285.778146 0.585791 215.787750 0.408507
 230.000000 9.487190 0.837196 286.437839 0.609173 233.191457 0.426487
 231.000000 9.464921 0.824143 286.597431 0.602250 223.256396 0.421491
 232.000000 9.450942 0.823208 286.754874 0.598605 223.590800 0.409083
 233.000000 9.606986 0.817364 286.655020 0.598045 224.699150 0.425054
 234.000000 9.467181 0.807273 285.519680 0.587503 218.870082 0.412612
 235.000000 9.463167 0.796414 284.827886 0.581775 206.271930 0.397577
 236.000000 9.572136 0.829854 285.970625 0.602621 228.602108 0.429834
 237.000000 9.488570 0.815800 286.124876 0.591555 221.589051 0.411443
 238.000000 9.546654 0.820758 286.196309 0.596869 220.809932 0.421306
 239.000000 9.515387 0.798468 285.563507 0.582761 210.078824 0.398433
 240.000000 9.460108 0.817520 286.220490 0.596437 218.209943 0.416192
 241.000000 9.629191 0.826338 286.020085 0.602007 224.968580 0.429125
 242.000000 9.528826 0.804749 286.246046 0.587079 213.400364 0.398412
 243.000000 9.437697 0.814576 285.127524 0.591933 221.036241 0.425008
 244.000000 9.497510 0.808810 285.686850 0.589441 219.721797 0.403521
 245.000000 9.512983 0.799770 285.962157 0.586173 212.394814 0.405029
 246.000000 9.570558 0.800069 286.007513 0.583775 213.480792 0.404144
 247.000000 9.499251 0.792658 285.616755 0.581062 209.804550 0.386582
 248.000000 9.544955 0.803542 285.825115 0.589279 218.708897 0.407530
 249.000000 9.531714 0.811310 285.629688 0.593149 219.448574 0.414076
 250.000000 9.466628 0.815404 285.513004 0.595845 222.084134 0.416614
 251.000000 9.455941 0.831296 286.817365 0.604251 229.444641 0.427793
 252.000000 9.514280 0.815161 286.475947 0.593161 219.622082 0.410924
 253.000000 9.516508 0.822102 286.472464 0.597848 223.638693 0.420945
 254.000000 9.467779 0.821837 286.720783 0.599958 226.657052 0.410105
 255.000000 9.494712 0.797790 285.354543 0.582484 208.502732 0.405953
 256.000000 9.523398 0.798620 285.813235 0.582914 213.759919 0.399207
 257.000000 9.532619 0.807487 286.163877 0.589184 217.156764 0.400857
 258.000000 9.555555 0.806537 285.920736 0.589078 217.803262 0.408029
 259.000000 9.525293 0.804643 286.122634 0.587459 212.815957 0.398237
 260.000000 9.582408 0.820575 285.983260 0.596271 225.457110 0.421621
 261.000000 9.520909 0.813418 285.647531 0.591118 217.900490 0.416392
 262.000000 9.479885 0.813195 285.721545 0.592656 218.798318 0.411229
 263.000000 9.556889 0.807035 286.358533 0.590222 219.497517 0.412770
 264.000000 9.430404 0.811276 286.085758 0.590295 216.409735 0.414871
 265.000000 9.509809 0.819397 285.968819 0.595478 221.665295 0.416577
 266.000000 9.560251 0.817073 286.451964 0.594136 220.374930 0.415604
 267.000000 9.568503 0.812577 285.783683 0.593769 220.038473 0.418657
 268.000000 9.565923 0.821225 286.788818 0.598914 225.398322 0.426103
 269.000000 9.472337 0.823029 286.504011 0.598857 227.776713 0.420118
 270.000000 9.587284 0.824343 286.442025 0.599971 223.413143 0.419017
 271.000000 9.554340 0.825640 286.535435 0.600471 225.692642 0.417762
 272.000000 9.451901 0.822954 286.521608 0.599279 221.797444 0.422791
 273.000000 9.530120 0.810718 285.210905 0.593151 219.109965 0.412018
 274.000000 9.563341 0.815309 286.243068 0.592576 221.858770 0.424489
 275.000000 9.494324 0.824148 286.357616 0.600285 223.778819 0.418356
 276.000000 9.510085 0.819145 286.650166 0.596157 220.700193 0.411767
 277.000000 9.513398 0.813358 285.741796 0.592223 218.398821 0.405971
 278.000000 9.580364 0.805858 285.750862 0.589492 218.803654 0.406647
 279.000000 9.478719 0.814742 286.599500 0.593574 218.582901 0.414252
 280.000000 9.545438 0.817132 286.464712 0.594224 220.921295 0.418979
 281.000000 9.507611 0.811171 285.814917 0.592250 220.802366 0.411495
 282.000000 9.590284 0.820654 286.637555 0.597842 223.685193 0.415571
 283.000000 9.551826 0.802550 285.653688 0.586027 217.359490 0.408828
 284.000000 9.460466 0.805981 285.965353 0.589108 215.544375 0.401537
 285.000000 9.506665 0.816052 286.061750 0.591949 218.321255 0.416923
 286.000000 9.429229 0.814163 286.279025 0.591250 220.220277 0.412135
 287.000000 9.528430 0.818577 286.432598 0.597961 224.914674 0.419118
 288.000000 9.544587 0.821198 286.580755 0.601500 221.575470 0.421261
 289.000000 9.465260 0.809486 286.380030 0.589869 218.756563 0.408281
 290.000000 9.567798 0.813602 286.152723 0.593007 221.199481 0.416683
 291.000000 9.473503 0.799592 285.851648 0.581601 212.976328 0.404611
 292.000000 9.462671 0.823596 286.824633 0.596551 224.785157 0.419260
 293.000000 9.474738 0.822191 286.057951 0.599855 222.730506 0.413636
 294.000000 9.497755 0.804605 285.780449 0.583880 210.881769 0.409457
 295.000000 9.611240 0.812807 286.292263 0.593454 222.233679 0.418630
 296.000000 9.426741 0.838092 286.966397 0.607643 227.765848 0.428353
 297.000000 9.505138 0.809822 286.340943 0.593004 214.025126 0.405220
 298.000000 9.518807 0.824272 286.773310 0.599517 224.562948 0.415412
 299.000000 9.515435 0.819089 285.939549 0.596761 223.401150 0.409981
 300.000000 9.502801 0.822231 286.806639 0.600376 222.677728 0.416007
 301.000000 9.551893 0.832434 286.809614 0.605665 227.911352 0.428231
 302.000000 9.480977 0.818800 286.426184 0.596481 222.404935 0.424322
 303.000000 9.474601 0.819232 286.757227 0.595113 220.093162 0.416777
 304.000000 9.593172 0.820702 286.522926 0.599628 222.693313 0.426438
 305.000000 9.470446 0.815923 285.700080 0.595635 224.375823 0.409803
 306.000000 9.491463 0.801685 285.932359 0.587482 211.099638 0.402060
 307.000000 9.563483 0.817718 285.931163 0.595683 223.875975 0.419735
 308.000000 9.509471 0.799326 285.560612 0.582520 212.233910 0.398599
 309.000000 9.439720 0.819962 286.230243 0.596226 223.258564 0.414994
 310.000000 9.512043 0.803557 285.643963 0.584387 216.389851 0.403353
 311.000000 9.528111 0.827018 286.591377 0.601071 227.084841 0.424064
 312.000000 9.465727 0.830844 286.869045 0.603023 227.450307 0.419163
 313.000000 9.486502 0.809067 285.110614 0.588539 213.388840 0.411638
 314.000000 9.544482 0.820799 285.485625 0.597026 224.554499 0.421737
 315.000000 9.478987 0.824936 286.295411 0.598300 224.210096 0.414166
 316.000000 9.491974 0.797929 285.313220 0.583643 212.748161 0.415970
 317.000000 9.580009 0.811527 285.795399 0.588511 219.887753 0.415527
 318.000000 9.439951 0.815253 285.945956 0.594285 218.808630 0.408583
 319.000000 9.564846 0.809659 285.641701 0.589003 219.328693 0.417694
 320.000000 9.505008 0.805977 286.441827 0.587678 215.913575 0.406549
 321.000000 9.497589 0.810247 285.712766 0.590791 220.416421 0.412837
 322.000000 9.515284 0.814862 285.775483 0.596645 224.026734 0.413657
 323.000000 9.597299 0.818676 286.733632 0.598599 220.452535 0.416115
 324.000000 9.453256 0.823370 286.588943 0.603450 227.284338 0.415056
 325.000000 9.409114 0.804312 284.896315 0.585754 213.962155 0.397742
 326.000000 9.515044 0.826422 286.592949 0.600833 227.697690 0.419817
 327.000000 9.338716 0.800766 285.298327 0.581320 212.379888 0.400105
 328.000000 9.565622 0.821074 286.354616 0.597589 220.596568 0.416758
 329.000000 9.399415 0.814990 286.454311 0.591387 217.459325 0.406815
 330.000000 9.492331 0.795654 284.986147 0.580289 211.808499 0.396111
 331.000000 9.522165 0.816943 285.734357 0.593014 221.046854 0.412065
 332.000000 9.470429 0.793234 285.149035 0.578657 210.032508 0.407834
 333.000000 9.475224 0.807788 286.178379 0.589289 213.316533 0.405930
 334.000000 9.538753 0.795499 286.066127 0.585241 212.068912 0.405590
 335.000000 9.507685 0.813443 286.280306 0.592201 221.494326 0.409281
 336.000000 9.568068 0.805640 285.482568 0.586533 218.721894 0.404368
 337.000000 9.397638 0.806993 286.011563 0.586867 216.675391 0.406898
 338.000000 9.557337 0.812122 285.761088 0.591125 216.064393 0.413496
 339.000000 9.483424 0.809960 286.460728 0.593211 219.012727 0.419642
 340.000000 9.411575 0.809225 285.996222 0.587746 216.445723 0.405086
 341.000000 9.465569 0.815306 286.250496 0.596758 221.982412 0.413848
 342.000000 9.528176 0.822193 286.670664 0.600710 225.202961 0.416781
 343.000000 9.440421 0.822386 286.598366 0.602432 226.043041 0.414494
 344.000000 9.549040 0.811322 286.143220 0.592994 219.531283 0.415920
 345.000000 9.530171 0.799323 285.128798 0.585358 210.123216 0.398427
 346.000000 9.591226 0.815971 286.532945 0.599658 221.227036 0.423828
 347.000000 9.529637 0.819339 286.259969 0.597862 226.170339 0.414627
 348.000000 9.557441 0.810399 286.004644 0.592970 219.759871 0.401964
 349.000000 9.467339 0.788500 284.286546 0.576348 204.640128 0.394939
 350.000000 9.570013 0.806976 285.651472 0.588832 218.418540 0.401881
 351.000000 9.526843 0.797888 284.881721 0.580291 213.648528 0.404527
 352.000000 9.526975 0.812344 286.336218 0.591676 217.014813 0.414969
 353.000000 9.412017 0.809251 286.117660 0.591467 218.426275 0.403828
 354.000000 9.477617 0.810939 285.507901 0.591480 213.868796 0.412672
 355.000000 9.459856 0.811630 286.170514 0.588995 218.308478 0.413253
 356.000000 9.597275 0.799206 285.991765 0.582753 211.202477 0.407401
 357.000000 9.466008 0.812961 286.114143 0.591652 219.769863 0.405596
 358.000000 9.413077 0.821829 286.508677 0.598465 221.881392 0.418097
 359.000000 9.548595 0.824373 286.162845 0.597310 220.776622 0.420019
 360.000000 9.527827 0.809590 285.991343 0.588997 218.664866 0.409385
 361.000000 9.543892 0.815553 286.640596 0.593738 223.846852 0.416395
 362.000000 9.419616 0.812114 285.089824 0.591529 215.132261 0.407682
 363.000000 9.499599 0.817237 286.346791 0.595905 223.243158 0.421644
 364.000000 9.541336 0.810272 286.105285 0.589575 216.763637 0.408242
 365.000000 9.423061 0.807652 286.011730 0.587568 214.465643 0.410530
 366.000000 9.525287 0.814784 285.543935 0.593137 221.074344 0.414937
 367.000000 9.408477 0.806620 285.570968 0.587454 215.288986 0.412458
 368.000000 9.562420 0.806299 286.137530 0.588375 214.072829 0.410307
 369.000000 9.474681 0.807353 285.069941 0.590319 216.164194 0.405734
 370.000000 9.519935 0.816939 286.302733 0.597653 222.029897 0.423227
 371.000000 9.505864 0.801558 285.709296 0.584109 214.023665 0.407504
 372.000000 9.481550 0.814353 286.301698 0.592647 218.710958 0.415782
 373.000000 9.600513 0.820377 286.501737 0.597484 221.266650 0.420897
 374.000000 9.552143 0.818864 286.569450 0.599660 225.509048 0.414585
 375.000000 9.488004 0.832885 286.923280 0.605988 230.729062 0.431724
 376.000000 9.491883 0.822500 286.593516 0.603152 228.554155 0.417717
 377.000000 9.538346 0.827877 286.828303 0.603240 225.501381 0.422161
 378.000000 9.504437 0.827978 286.800096 0.605204 229.838596 0.424157
 379.000000 9.548505 0.827477 286.453303 0.602339 227.244668 0.422047
 380.000000 9.537775 0.832741 286.263396 0.607183 232.266334 0.428969
 381.000000 9.531497 0.821529 286.650399 0.599579 222.527116 0.414792
 382.000000 9.590823 0.834306 286.938449 0.605403 231.568954 0.426787
 383.000000 9.525158 0.811635 286.156852 0.591053 216.653464 0.417498
 384.000000 9.416838 0.818035 286.658961 0.593457 219.514295 0.414605
 385.000000 9.560864 0.818917 286.525946 0.597263 219.412220 0.423806
 386.000000 9.490554 0.824670 286.260654 0.599344 224.817328 0.417726
 387.000000 9.616257 0.820003 286.186264 0.597900 224.454469 0.415806
 388.000000 9.523491 0.802535 285.794550 0.586025 215.286804 0.403246
 389.000000 9.473082 0.823237 285.890280 0.599915 224.695190 0.418178
 390.000000 9.431593 0.796124 285.581951 0.581609 211.370880 0.406124
 391.000000 9.582062 0.817083 286.568448 0.595565 222.930475 0.416091
 392.000000 9.488323 0.834517 286.879782 0.607396 231.741081 0.430071
 393.000000 9.493362 0.820233 286.537536 0.596289 223.977177 0.416637
 394.000000 9.550825 0.817822 286.356546 0.595602 225.178528 0.424295
 395.000000 9.456459 0.797137 285.461170 0.583867 207.509369 0.405309
 396.000000 9.583690 0.826716 286.629028 0.603034 226.716859 0.426676
 397.000000 9.431188 0.796620 285.883118 0.582121 209.111612 0.395590
 398.000000 9.488199 0.827260 285.965472 0.602090 225.147039 0.422917
 399.000000 9.452647 0.801925 284.449247 0.584834 215.070779 0.400206
 400.000000 9.562389 0.824888 286.173524 0.599853 226.639598 0.423577
 401.000000 9.536380 0.824712 286.669704 0.597580 222.685842 0.422436
 402.000000 9.450213 0.820097 286.743497 0.598364 223.731373 0.418458
 403.000000 9.534389 0.809039 286.017499 0.589014 214.353468 0.407698
 404.000000 9.524826 0.816071 286.423911 0.593902 223.383031 0.418550
 405.000000 9.483937 0.816413 286.537649 0.594526 221.735613 0.410958
 406.000000 9.597919 0.819462 286.822089 0.598136 225.248207 0.430359
 407.000000 9.522558 0.826566 286.838842 0.602707 225.485412 0.423847
 408.000000 9.503801 0.809333 286.163271 0.590304 217.272280 0.417403
 409.000000 9.501060 0.818812 286.491608 0.595484 219.490730 0.417415
 410.000000 9.646531 0.810621 286.270815 0.591712 220.351476 0.420636
 411.000000 9.562593 0.823419 286.552152 0.602581 221.650269 0.426023
 412.000000 9.511316 0.818390 286.230066 0.596196 219.973503 0.417012
 413.000000 9.407804 0.809182 286.178737 0.588633 214.643682 0.411862
 414.000000 9.517895 0.814073 286.481823 0.592674 221.978058 0.415097
 415.000000 9.527743 0.807188 285.733905 0.587841 216.655720 0.406464
 416.000000 9.423429 0.806148 285.996665 0.586633 213.882779 0.412315
 417.000000 9.458391 0.788349 285.813777 0.577083 209.600822 0.396385
 418.000000 9.494431 0.820918 286.470019 0.597634 220.051073 0.424441
 419.000000 9.428651 0.809293 286.229549 0.588151 218.161391 0.407692
 420.000000 9.516474 0.817516 286.409786 0.594859 222.108109 0.418721
 421.000000 9.497115 0.807986 285.855743 0.588789 216.657051 0.405834
 422.000000 9.477918 0.806793 285.444564 0.586386 216.998833 0.408785
 423.000000 9.504927 0.833031 286.875230 0.607939 229.540192 0.424727
 424.000000 9.477508 0.820824 285.220537 0.596254 223.838569 0.411772
 425.000000 9.584431 0.804596 286.026549 0.586628 214.087479 0.419183
 426.000000 9.522559 0.818543 286.762741 0.594491 220.297260 0.415381
 427.000000 9.447036 0.810595 286.163815 0.590037 219.956415 0.412489
 428.000000 9.589666 0.828035 286.320946 0.604862 226.722653 0.424300
 429.000000 9.445625 0.811860 286.262519 0.593145 219.715701 0.411658
 430.000000 9.620762 0.820942 286.264260 0.599483 220.337517 0.426723
 431.000000 9.488803 0.806838 286.129361 0.589362 214.588617 0.406540
 432.000000 9.478491 0.836874 287.169805 0.608642 233.843260 0.430876
 433.000000 9.648968 0.836182 287.049628 0.607940 230.756895 0.433966
 434.000000 9.468052 0.826794 286.604252 0.599582 226.368677 0.417667
 435.000000 9.563429 0.846487 287.049502 0.615883 235.194163 0.434615
 436.000000 9.391059 0.821994 286.893481 0.599246 222.881006 0.419488
 437.000000 9.594610 0.833174 286.072564 0.603981 229.999513 0.426371
 438.000000 9.449126 0.804259 285.902261 0.587262 213.455850 0.411035
 439.000000 9.477707 0.810198 285.652945 0.589832 216.680032 0.400972
 440.000000 9.494068 0.814803 286.177625 0.590434 220.242857 0.421221
 441.000000 9.397707 0.800567 285.405816 0.583822 213.786263 0.403980
 442.000000 9.479384 0.816220 286.330358 0.590792 220.470630 0.410143
 443.000000 9.362652 0.791498 285.194467 0.577607 206.955541 0.401152
 444.000000 9.523913 0.822749 286.454193 0.599400 226.255976 0.416828
 445.000000 9.489598 0.819978 286.634085 0.597179 223.563602 0.424211
 446.000000 9.478699 0.795684 284.468816 0.582332 210.059482 0.403387
 447.000000 9.541871 0.800819 286.289907 0.586581 209.288592 0.404441
 448.000000 9.462206 0.816835 286.200591 0.596499 225.775289 0.415547
 449.000000 9.432489 0.800195 285.114347 0.584480 211.118364 0.392690
 450.000000 9.658366 0.809866 286.375767 0.592724 219.198818 0.413105
 451.000000 9.469283 0.804821 285.479907 0.589338 215.759643 0.404850
 452.000000 9.586577 0.813361 286.237260 0.593492 216.474247 0.413439
 453.000000 9.388847 0.806629 285.572188 0.588046 216.946749 0.406988
 454.000000 9.484982 0.812260 286.364658 0.590342 215.766913 0.412807
 455.000000 9.549535 0.798607 285.157057 0.581821 213.368455 0.402011
 456.000000 9.519644 0.803329 285.008526 0.586661 214.730234 0.404359
 457.000000 9.472171 0.809650 286.037885 0.592752 220.335937 0.411467
 458.000000 9.585485 0.805157 285.782625 0.589754 215.738524 0.416954
 459.000000 9.461562 0.806085 286.264750 0.585844 216.478517 0.404044
 460.000000 9.461507 0.819743 286.523392 0.595470 222.759124 0.418688
 461.000000 9.481221 0.806492 285.462826 0.590406 218.491215 0.406371
 462.000000 9.463035 0.815613 286.602006 0.595340 219.003031 0.415424
 463.000000 9.560896 0.782776 284.262577 0.570684 201.041624 0.394117
 464.000000 9.433339 0.806056 284.217932 0.587400 214.856835 0.406136
 465.000000 9.493009 0.800054 285.984980 0.583082 213.680407 0.404423
 466.000000 9.573850 0.801997 285.376336 0.586370 214.303498 0.404588
 467.000000 9.496627 0.805184 285.641925 0.586244 210.216486 0.407558
 468.000000 9.478173 0.806737 286.114646 0.589067 217.996313 0.406938
 469.000000 9.549425 0.804048 284.568657 0.584153 211.079937 0.413827
 470.000000 9.440335 0.812887 286.355602 0.591833 218.269256 0.405210
 471.000000 9.440965 0.817180 286.564314 0.594710 222.885475 0.410891
 472.000000 9.640430 0.811119 285.718775 0.591856 218.318088 0.420423
 473.000000 9.520926 0.811700 285.742699 0.592852 218.529699 0.411153
 474.000000 9.508672 0.825158 286.652575 0.602068 224.693936 0.421834
 475.000000 9.507471 0.819371 286.565886 0.595627 223.728959 0.410030
 476.000000 9.582261 0.843562 287.068830 0.614572 232.644439 0.443679
 477.000000 9.505323 0.824096 286.911480 0.602596 227.754019 0.417035
 478.000000 9.504401 0.831240 286.295873 0.608272 230.494982 0.420333
 479.000000 9.528511 0.832940 286.786795 0.607573 234.227745 0.430588
 480.000000 9.526221 0.820112 286.759202 0.598011 224.403770 0.416741
 481.000000 9.587317 0.816081 286.282736 0.596099 222.256398 0.419021
 482.000000 9.524928 0.806493 285.492572 0.588809 216.536589 0.404543
 483.000000 9.531985 0.831064 286.935276 0.605011 226.958828 0.427924
 484.000000 9.526488 0.824044 286.691589 0.600471 229.030846 0.420930
 485.000000 9.532560 0.810928 285.738203 0.592773 218.182239 0.411563
 486.000000 9.506025 0.816070 286.207356 0.597195 217.805271 0.422154
 487.000000 9.533643 0.811575 286.356427 0.593252 220.468939 0.411390
 488.000000 9.629387 0.825743 286.625717 0.599310 229.496407 0.428333
 489.000000 9.380699 0.820783 286.412911 0.596425 225.344812 0.412574
 490.000000 9.469881 0.829102 286.733554 0.602035 224.805742 0.427976
 491.000000 9.590603 0.807000 286.093210 0.590446 216.906740 0.415707
 492.000000 9.538453 0.797640 285.828082 0.586101 206.773901 0.404954
 493.000000 9.459791 0.815631 285.667924 0.595785 221.108146 0.417945
 494.000000 9.400280 0.795928 285.181697 0.579200 207.528476 0.394276
 495.000000 9.493654 0.810084 286.162868 0.591293 217.271800 0.414573
 496.000000 9.500831 0.821385 285.718367 0.595817 223.693849 0.423714
 497.000000 9.460243 0.817191 286.441150 0.594301 215.496390 0.411378
 498.000000 9.472500 0.808335 286.180189 0.589109 218.379012 0.412927
 499.000000 9.522613 0.811663 286.341407 0.588269 219.560448 0.405734
 500.000000 9.555842 0.811089 284.362724 0.594438 215.442272 0.407645
 501.000000 9.449899 0.815962 286.480119 0.592878 223.710030 0.412842
 502.000000 9.627119 0.805897 285.991360 0.587257 213.499074 0.405458
 503.000000 9.431293 0.811804 286.265991 0.591620 217.963487 0.415153
 504.000000 9.532272 0.805138 285.069868 0.585268 213.368378 0.404123
 505.000000 9.537023 0.822672 286.611317 0.601723 224.653820 0.418557
 506.000000 9.565005 0.813034 285.833719 0.591600 220.484794 0.413891
 507.000000 9.493082 0.823444 286.758068 0.598339 222.095194 0.423786
 508.000000 9.540603 0.808580 285.968629 0.588678 213.894968 0.420002
 509.000000 9.579916 0.815845 286.716108 0.593102 221.141976 0.423132
 510.000000 9.480326 0.830394 286.898018 0.604190 227.652034 0.430176
 511.000000 9.441055 0.813511 286.180980 0.594818 221.619337 0.419467
 512.000000 9.549841 0.819420 286.299436 0.597022 218.661860 0.418239
 513.000000 9.419616 0.809038 286.480302 0.589836 214.207874 0.418029
 514.000000 9.441961 0.814366 285.899804 0.592554 222.008203 0.412205
 515.000000 9.504533 0.809600 285.996569 0.590421 217.163402 0.412431
 516.000000 9.515431 0.801410 286.095309 0.584998 214.437206 0.407751
 517.000000 9.577671 0.796871 285.327554 0.583960 210.909306 0.395376
 518.000000 9.497847 0.815576 286.111324 0.592341 221.802613 0.415047
 519.000000 9.461250 0.793706 286.126939 0.579877 207.706122 0.400619
 520.000000 9.553187 0.818150 285.384222 0.594502 216.976241 0.420409
 521.000000 9.488325 0.809443 286.304323 0.592712 216.461811 0.410761
 522.000000 9.628380 0.813887 285.925356 0.594272 221.672299 0.411786
 523.000000 9.568478 0.819964 286.160190 0.598611 224.665064 0.422921
 524.000000 9.549657 0.827732 286.719213 0.602321 226.132239 0.429481
 525.000000 9.583452 0.821120 284.974026 0.598748 219.998241 0.420846
 526.000000 9.499824 0.802983 286.091268 0.583059 212.435820 0.402573
 527.000000 9.527124 0.810380 285.979572 0.589032 215.881450 0.415159
 528.000000 9.552663 0.818838 286.111012 0.599070 221.856016 0.420443
 529.000000 9.486355 0.803782 285.862301 0.587583 215.491952 0.394396
 530.000000 9.471168 0.805122 285.010109 0.587191 212.441185 0.410098
 531.000000 9.445458 0.821829 286.195969 0.598881 224.617561 0.414220
 532.000000 9.539903 0.829636 286.871878 0.601472 227.959919 0.419645
 533.000000 9.418486 0.800060 285.977093 0.584580 211.489940 0.406347
 534.000000 9.477689 0.815970 285.271888 0.593534 215.535219 0.413097
 535.000000 9.538169 0.805398 286.211348 0.588027 213.469343 0.401982
 536.000000 9.406061 0.800328 285.674461 0.583566 215.155738 0.397977
 537.000000 9.516533 0.800880 285.854533 0.581902 207.464543 0.407774
 538.000000 9.465325 0.787210 284.614639 0.576990 204.686582 0.397632
 539.000000 9.455718 0.818198 286.428232 0.594044 220.524610 0.416297
 540.000000 9.439546 0.806301 286.225108 0.591461 223.001802 0.414013
 541.000000 9.691960 0.806574 285.038584 0.592100 217.606802 0.411621
 542.000000 9.453536 0.792964 283.785827 0.579585 208.624089 0.397334
 543.000000 9.401115 0.809546 286.217171 0.588472 217.754822 0.415531
 544.000000 9.549346 0.809272 285.636919 0.591057 218.749362 0.406863
 545.000000 9.485410 0.824496 285.380476 0.603932 226.606690 0.426685
 546.000000 9.448089 0.822036 286.733867 0.595555 221.179287 0.413393
 547.000000 9.472430 0.799944 285.833569 0.582324 211.471464 0.402615
 548.000000 9.492332 0.809958 286.163029 0.590296 219.621110 0.411931
 549.000000 9.443887 0.811873 286.153666 0.593670 221.800624 0.408761
 550.000000 9.628409 0.798534 285.802727 0.587270 211.160906 0.406512
 551.000000 9.505017 0.811847 286.503736 0.591272 221.118944 0.404601
 552.000000 9.436999 0.812872 286.046434 0.591320 220.938893 0.405964
 553.000000 9.559055 0.825762 286.638314 0.601230 225.238640 0.417555
 554.000000 9.443320 0.813340 286.304802 0.597246 217.518687 0.409708
 555.000000 9.600893 0.816611 286.099109 0.594517 224.836936 0.421448
 556.000000 9.473124 0.797715 285.508327 0.582003 207.706702 0.401049
 557.000000 9.508449 0.804397 286.074531 0.586601 214.500964 0.404411
 558.000000 9.577320 0.805546 284.882825 0.589415 217.123061 0.404037
 559.000000 9.521103 0.834391 287.029139 0.605445 230.461875 0.430777
 560.000000 9.492228 0.812596 286.437606 0.591025 221.301910 0.410762
 561.000000 9.523565 0.805430 285.273418 0.588735 214.716797 0.409820
 562.000000 9.587152 0.822028 286.291456 0.601235 223.667978 0.419288
 563.000000 9.576579 0.823426 286.383833 0.597100 224.326213 0.421580
 564.000000 9.375308 0.800199 286.031082 0.582931 211.670738 0.401306
 565.000000 9.477739 0.847356 287.084237 0.613352 235.894590 0.437095
 566.000000 9.613688 0.824823 285.835942 0.601458 223.748532 0.429267
 567.000000 9.554295 0.820047 285.772203 0.595102 221.406878 0.421331
 568.000000 9.461069 0.808908 285.626422 0.590923 215.149939 0.406652
 569.000000 9.558242 0.797108 285.685732 0.581575 215.496196 0.405693
 570.000000 9.512112 0.809163 285.925134 0.591357 219.518101 0.405556
 571.000000 9.514051 0.809970 286.512253 0.590223 213.229402 0.414729
 572.000000 9.426764 0.786439 284.521094 0.573123 203.671541 0.394262
 573.000000 9.465698 0.806319 286.318320 0.586260 216.057261 0.406948
 574.000000 9.509538 0.816057 286.451660 0.593195 221.302129 0.415653
 575.000000 9.431904 0.818188 286.315558 0.593485 218.933304 0.417793
 576.000000 9.391505 0.795030 285.361920 0.579545 209.410732 0.401711
 577.000000 9.514533 0.799016 285.753726 0.577988 207.362837 0.403451
 578.000000 9.508603 0.811706 286.379633 0.591602 220.680219 0.410020
 579.000000 9.560495 0.802718 286.170115 0.586764 218.455208 0.407511
 580.000000 9.540200 0.803312 285.751396 0.585921 213.909074 0.407100
 581.000000 9.458538 0.811603 284.729094 0.590571 216.924028 0.417951
 582.000000 9.544837 0.814114 286.393070 0.592619 219.280803 0.410364
 583.000000 9.487775 0.805741 286.367510 0.587477 216.415555 0.410648
 584.000000 9.504538 0.823144 286.625647 0.598986 225.068238 0.422183
 585.000000 9.487514 0.817054 285.932996 0.593290 217.858218 0.419443
 586.000000 9.467641 0.808886 286.219683 0.589311 217.958135 0.409174
 587.000000 9.517707 0.834664 286.891188 0.605953 229.326997 0.425669
 588.000000 9.487212 0.788863 284.352414 0.576187 205.588016 0.404028
 589.000000 9.486933 0.824293 286.044587 0.597430 224.253445 0.419098
 590.000000 9.500067 0.822621 286.792267 0.598834 224.861358 0.417831
 591.000000 9.531444 0.830863 286.977746 0.604124 227.386736 0.427706
 592.000000 9.528603 0.825238 286.609286 0.601365 227.891305 0.416704
 593.000000 9.605197 0.825914 286.912549 0.599714 227.596755 0.425421
 594.000000 9.553214 0.827718 286.733009 0.601858 229.922346 0.416557
 595.000000 9.443936 0.834344 286.964790 0.604673 229.323309 0.430340
 596.000000 9.556720 0.831181 286.547446 0.605692 231.416720 0.427239
 597.000000 9.536459 0.818588 286.228496 0.597098 221.406693 0.415207
 598.000000 9.492362 0.814959 286.114716 0.591697 221.529567 0.414761
 599.000000 9.550751 0.802394 286.144350 0.585704 216.151056 0.407479
 600.000000 9.562327 0.815109 286.257791 0.596169 219.394559 0.415356
 601.000000 9.502292 0.840793 286.931464 0.612244 233.394137 0.431010
 602.000000 9.457319 0.806126 285.310792 0.589962 215.727912 0.404064
 603.000000 9.510248 0.829136 286.209586 0.603171 227.381928 0.428562
 604.000000 9.526686 0.797029 285.237075 0.578748 207.323781 0.402107
 605.000000 9.634871 0.808770 286.072838 0.587777 218.905396 0.421792
 606.000000 9.450795 0.793306 284.936178 0.575741 205.352335 0.395651
 607.000000 9.532737 0.822416 286.354334 0.600044 224.324762 0.418625
 608.000000 9.525737 0.815122 286.577202 0.594083 218.625665 0.414497
 609.000000 9.545643 0.817895 285.604753 0.598157 225.860818 0.416076
 610.000000 9.538825 0.820484 286.547801 0.596337 221.707797 0.420564
 611.000000 9.461210 0.797326 284.626353 0.584000 208.332636 0.401502
 612.000000 9.612232 0.815504 286.531877 0.593471 220.583522 0.422522
 613.000000 9.460002 0.799292 285.299549 0.581349 210.722169 0.407628
 614.000000 9.489930 0.814635 286.180146 0.592415 217.754437 0.412449
 615.000000 9.480479 0.815351 286.144134 0.595923 219.568379 0.412881
 616.000000 9.526261 0.824702 286.699410 0.600125 225.759595 0.420026
 617.000000 9.472874 0.798059 284.998695 0.581352 209.966381 0.404623
 618.000000 9.594523 0.812759 285.927964 0.596679 221.971436 0.419975
 619.000000 9.503700 0.838164 287.075146 0.610303 233.680951 0.428172
 620.000000 9.453417 0.810159 286.396846 0.592647 217.840495 0.411982
 621.000000 9.506122 0.817651 286.266714 0.594137 224.208118 0.417996
 622.000000 9.519103 0.798310 284.967174 0.585291 213.030794 0.404711
 623.000000 9.506726 0.829414 286.922001 0.602537 228.705104 0.430630
 624.000000 9.514174 0.796914 285.248917 0.581147 208.413409 0.399150
 625.000000 9.447965 0.810187 286.309856 0.590727 220.564395 0.414767
 626.000000 9.572109 0.815441 286.257219 0.595045 223.833719 0.406905
 627.000000 9.402908 0.817398 285.766833 0.594931 221.180158 0.417140
 628.000000 9.515106 0.820550 286.197583 0.599648 222.725531 0.417759
 629.000000 9.500025 0.808438 286.042507 0.589940 218.617792 0.409588
 630.000000 9.488006 0.817062 285.477998 0.596580 218.483407 0.422753
 631.000000 9.539068 0.815064 286.276510 0.592510 222.125688 0.417736
 632.000000 9.519402 0.811932 286.183126 0.590481 219.783730 0.417511
 633.000000 9.515849 0.827869 285.835703 0.601175 223.834170 0.426992
 634.000000 9.579211 0.800841 285.576053 0.587425 216.269343 0.407202
 635.000000 9.498650 0.811589 285.924126 0.591741 219.652648 0.416596
 636.000000 9.502352 0.819762 286.601297 0.598855 227.536810 0.416408
 637.000000 9.570062 0.828216 286.777673 0.600944 224.125261 0.429257
 638.000000 9.442538 0.834309 287.012578 0.607651 231.569024 0.426849
 639.000000 9.519095 0.832637 286.820000 0.604604 232.036953 0.426413
 640.000000 9.536750 0.814282 286.012798 0.592790 219.716346 0.418788
 641.000000 9.537323 0.808724 285.225831 0.591108 213.213576 0.414112
 642.000000 9.541208 0.823158 286.302897 0.599814 224.375518 0.426682
 643.000000 9.485703 0.816708 285.112268 0.592112 220.529523 0.420343
 644.000000 9.541820 0.832881 286.901801 0.608251 228.566555 0.425195
 645.000000 9.470181 0.799030 285.510364 0.581744 210.823840 0.408203
 646.000000 9.509208 0.811504 285.936252 0.590658 218.390633 0.414341
 647.000000 9.457229 0.804515 283.511680 0.585059 211.010160 0.408200
 648.000000 9.451397 0.812120 285.670724 0.590300 220.411624 0.414429
 649.000000 9.574764 0.824035 286.497813 0.597661 223.408560 0.416383
 650.000000 9.503427 0.794588 285.946381 0.578376 211.381990 0.405909
 651.000000 9.514512 0.795836 285.722979 0.576747 209.368346 0.401936
 652.000000 9.490509 0.824054 286.449399 0.600513 226.187004 0.420921
 653.000000 9.564767 0.824548 286.451345 0.599541 225.597574 0.427213
 654.000000 9.488710 0.816314 286.381874 0.595924 219.390430 0.411871
 655.000000 9.629881 0.839634 286.980690 0.610847 232.397092 0.433727
 656.000000 9.554366 0.833546 286.921609 0.605694 228.553090 0.423535
 657.000000 9.435469 0.818656 286.054276 0.596305 217.124957 0.420464
 658.000000 9.560301 0.837618 286.903909 0.608667 233.021164 0.432382
 659.000000 9.556216 0.823902 286.563516 0.601642 227.030847 0.420975
 660.000000 9.494499 0.842918 286.899920 0.613832 234.609513 0.430997
 661.000000 9.458425 0.832123 286.874834 0.604932 226.507206 0.423011
 662.000000 9.431608 0.819554 285.806718 0.595382 221.174415 0.418031
 663.000000 9.568977 0.809672 286.120493 0.588034 214.576287 0.410459
 664.000000 9.488894 0.808783 286.441402 0.589237 216.192182 0.412955
 665.000000 9.553392 0.816459 286.452598 0.596151 219.656792 0.417277
 666.000000 9.517763 0.824686 286.762782 0.602986 228.027866 0.416792
 667.000000 9.503603 0.816673 286.616346 0.595556 222.726018 0.416064
 668.000000 9.488240 0.839837 286.798780 0.612438 232.600370 0.431849
 669.000000 9.525355 0.806283 286.196025 0.586814 220.309280 0.411510
 670.000000 9.506517 0.826525 286.584083 0.600200 226.249766 0.427779
 671.000000 9.496210 0.806677 286.337018 0.587816 216.064114 0.404324
 672.000000 9.515066 0.806703 286.027641 0.586528 215.056011 0.407531
 673.000000 9.399879 0.794088 285.389292 0.578498 209.121315 0.397259
 674.000000 9.540172 0.832510 286.768372 0.604648 223.124838 0.423864
 675.000000 9.542623 0.820416 286.631187 0.595791 224.022886 0.423132
 676.000000 9.500275 0.819800 284.884904 0.597082 221.471346 0.423910
 677.000000 9.404496 0.808125 284.771412 0.588040 214.519192 0.405649
 678.000000 9.625152 0.803072 286.220915 0.587341 213.107328 0.403892
 679.000000 9.579160 0.825658 286.760725 0.602207 225.028834 0.423726
 680.000000 9.439867 0.829293 286.693515 0.603522 226.897478 0.416479
 681.000000 9.460034 0.798506 285.147481 0.581312 212.280190 0.404944
 682.000000 9.546011 0.807489 285.741814 0.590970 215.652555 0.407944
 683.000000 9.483598 0.829476 286.540092 0.604755 229.757213 0.421339
 684.000000 9.469880 0.820208 286.257991 0.600223 223.053193 0.416586
 685.000000 9.499230 0.780663 285.076132 0.574949 204.034151 0.390485
 686.000000 9.498856 0.792077 285.256418 0.581403 210.231592 0.400737
 687.000000 9.427304 0.770805 283.463664 0.565670 197.155081 0.375323
 688.000000 9.456441 0.785369 284.254392 0.574003 205.536258 0.396786
 689.000000 9.568225 0.820544 285.866034 0.599560 222.050177 0.417294
 690.000000 9.452397 0.797742 285.084627 0.583550 212.903668 0.405800
 691.000000 9.630100 0.829898 287.035599 0.603544 225.495705 0.436219
 692.000000 9.357320 0.809512 286.282583 0.587575 219.619604 0.401794
 693.000000 9.495508 0.819977 286.472719 0.595643 218.994315 0.419957
 694.000000 9.501751 0.817190 285.590500 0.597444 223.796720 0.406982
 695.000000 9.485159 0.822061 286.580302 0.597748 223.699144 0.418439
 696.000000 9.660840 0.817438 286.252727 0.597684 222.557919 0.418459
 697.000000 9.503317 0.814285 286.364759 0.592741 221.241373 0.416483
 698.000000 9.500101 0.804362 285.222526 0.585155 214.273100 0.408434
 699.000000 9.513654 0.816821 286.455738 0.596102 219.316912 0.415224
 700.000000 9.539985 0.811536 285.988124 0.591796 221.976811 0.410555
 701.000000 9.523395 0.806988 286.233769 0.588205 219.186282 0.406820
 702.000000 9.460121 0.820186 286.378422 0.597680 222.018157 0.412657
 703.000000 9.495283 0.814853 285.853641 0.596159 218.541321 0.420212
 704.000000 9.459468 0.810468 285.613980 0.589961 221.512842 0.408347
 705.000000 9.487499 0.820388 285.401435 0.599336 218.605542 0.418685
 706.000000 9.515500 0.802742 285.947925 0.581810 215.706274 0.408115
 707.000000 9.553169 0.806786 285.394401 0.589610 216.718882 0.405930
 708.000000 9.495730 0.820732 286.597822 0.597696 220.601350 0.423883
 709.000000 9.470105 0.797486 285.692818 0.583938 209.565630 0.397451
 710.000000 9.514244 0.804007 284.287107 0.587274 213.750220 0.409789
 711.000000 9.473709 0.827374 286.763284 0.603070 225.045034 0.418143
 712.000000 9.421711 0.809907 286.144182 0.591818 217.546380 0.402519
 713.000000 9.510229 0.798709 285.774228 0.583166 209.536700 0.403119
 714.000000 9.581680 0.815827 286.364752 0.593404 224.446824 0.414185
 715.000000 9.518012 0.796851 283.929573 0.582546 210.068666 0.403430
 716.000000 9.527319 0.815347 285.396958 0.593863 216.398271 0.414777
 717.000000 9.454739 0.813092 284.631585 0.588341 217.070307 0.402922
 718.000000 9.531128 0.825213 286.374119 0.599850 227.896382 0.422524
 719.000000 9.459123 0.803398 285.978260 0.586644 213.061561 0.404760
 720.000000 9.571810 0.813930 285.990532 0.593700 222.640211 0.423425
 721.000000 9.526419 0.818177 286.370704 0.597091 220.715202 0.422266
 722.000000 9.531659 0.802044 286.089236 0.586345 215.290558 0.401658
 723.000000 9.490888 0.812678 285.893307 0.594138 216.812791 0.419830
 724.000000 9.553089 0.798154 286.112501 0.584305 212.542285 0.396826
 725.000000 9.426547 0.795637 285.433384 0.580914 207.637678 0.399127
 726.000000 9.533141 0.816486 285.915228 0.595108 222.261650 0.418516
 727.000000 9.407911 0.799133 285.747343 0.583016 214.137649 0.402820
 728.000000 9.497220 0.813457 285.848134 0.592678 216.944519 0.421542
 729.000000 9.469010 0.804400 286.128919 0.585474 212.790601 0.404097
 730.000000 9.553327 0.823568 286.533419 0.599784 223.384583 0.422603
 731.000000 9.522385 0.808426 285.800912 0.588593 216.872085 0.411864
 732.000000 9.507246 0.812702 285.835211 0.592743 216.126747 0.408879
 733.000000 9.517398 0.790724 285.024502 0.580012 208.899101 0.410973
 734.000000 9.557426 0.816331 286.235608 0.595174 219.108048 0.416053
 735.000000 9.474634 0.812958 286.116289 0.592559 217.445693 0.418088
 736.000000 9.515346 0.821441 286.744907 0.595129 223.006424 0.421278
 737.000000 9.453115 0.814337 286.570847 0.591564 218.516423 0.410872
 738.000000 9.581878 0.817837 286.636605 0.597285 224.789274 0.419132
 739.000000 9.562849 0.800127 285.646256 0.582391 214.851012 0.400334
 740.000000 9.482277 0.805631 285.304800 0.587894 213.375702 0.410671
 741.000000 9.562295 0.806799 285.132056 0.588298 213.447741 0.412788
 742.000000 9.435626 0.796442 285.404319 0.581055 213.971579 0.404191
 743.000000 9.481106 0.817301 286.224704 0.596969 221.298447 0.408276
 744.000000 9.549830 0.808007 285.985936 0.588275 214.911249 0.412364
 745.000000 9.498585 0.807661 286.019798 0.590904 215.089414 0.407718
 746.000000 9.568425 0.823770 286.529832 0.597060 223.203960 0.425509
 747.000000 9.560196 0.814029 285.882333 0.596010 219.867458 0.414645
 748.000000 9.493435 0.808984 286.133323 0.588285 217.426584 0.407376
 749.000000 9.483197 0.812057 285.914546 0.588240 215.488939 0.412436
 750.000000 9.509436 0.828879 286.606063 0.603945 226.267927 0.427106
 751.000000 9.488254 0.805753 286.005309 0.585534 212.215003 0.406925
 752.000000 9.458386 0.801359 286.033934 0.584058 212.742736 0.405690
 753.000000 9.561025 0.801263 285.241535 0.583131 213.024448 0.408331
 754.000000 9.545640 0.819806 286.697768 0.597763 222.152172 0.413794
 755.000000 9.545224 0.805995 285.915472 0.588294 218.483593 0.414874
 756.000000 9.473311 0.824294 286.359035 0.599869 224.896845 0.411897
 757.000000 9.518538 0.801666 284.574722 0.585858 212.494667 0.404570
 758.000000 9.480822 0.813400 286.307457 0.593869 220.539385 0.413255
 759.000000 9.468995 0.803121 285.976684 0.585915 214.300656 0.405130
 760.000000 9.557640 0.809371 285.884301 0.589323 221.447050 0.415965
 761.000000 9.474888 0.800812 285.355086 0.584494 210.782274 0.396242
 762.000000 9.559373 0.808039 286.466316 0.587796 212.376217 0.408737
 763.000000 9.462509 0.789467 285.048601 0.574185 209.648857 0.388889
 764.000000 9.509880 0.815486 286.341447 0.594051 218.877731 0.423913
 765.000000 9.469491 0.790773 285.270122 0.576874 205.227998 0.397645
 766.000000 9.544750 0.823928 286.595299 0.599789 226.226071 0.418935
 767.000000 9.490617 0.807126 285.341544 0.586273 216.610518 0.403250
 768.000000 9.534917 0.815069 285.788269 0.594308 219.287956 0.409022
 769.000000 9.513039 0.799772 285.503507 0.584344 211.417904 0.404953
 770.000000 9.534545 0.793194 284.144127 0.580440 203.829207 0.394298
 771.000000 9.378015 0.808640 284.544956 0.589599 220.797102 0.407604
 772.000000 9.478307 0.813153 286.165211 0.593396 218.001631 0.411864
 773.000000 9.528077 0.823308 284.983268 0.603973 226.081454 0.415214
 774.000000 9.468706 0.820208 286.666114 0.594907 224.539070 0.415363
 775.000000 9.504530 0.815704 285.557918 0.594877 220.728139 0.411068
 776.000000 9.534990 0.812501 284.645152 0.593937 219.382318 0.415004
 777.000000 9.510227 0.803786 285.778599 0.585977 214.477587 0.405423
 778.000000 9.498874 0.811174 285.753846 0.591822 219.074560 0.411683
 779.000000 9.568593 0.809708 285.474497 0.590103 217.436829 0.408365
 780.000000 9.444433 0.798507 285.332389 0.580738 210.660289 0.404363
 781.000000 9.546763 0.827784 286.020747 0.604245 226.617008 0.423888
 782.000000 9.461124 0.797830 285.542065 0.583615 209.170033 0.397012
 783.000000 9.599159 0.810659 285.866031 0.590145 219.655656 0.409854
 784.000000 9.471452 0.794966 285.699528 0.580659 207.576009 0.391315
 785.000000 9.609821 0.807965 285.194761 0.589938 214.623307 0.410573
 786.000000 9.375269 0.792653 285.639707 0.580882 211.180409 0.395020
 787.000000 9.476490 0.810818 285.941057 0.590175 218.077957 0.407547
 788.000000 9.504057 0.803212 284.471740 0.586200 215.521284 0.409812
 789.000000 9.539072 0.791365 284.532650 0.577371 204.728560 0.388431
 790.000000 9.557508 0.825445 286.617402 0.599519 227.109441 0.425610
 791.000000 9.485725 0.810409 286.367361 0.591572 216.128228 0.407791
 792.000000 9.425346 0.792354 285.333215 0.578430 215.174657 0.395239
 793.000000 9.506666 0.819703 286.503517 0.596603 220.807861 0.414989
 794.000000 9.479148 0.803295 285.699795 0.585858 217.281657 0.401050
 795.000000 9.535675 0.820897 286.247395 0.600830 225.156433 0.422460
 796.000000 9.455695 0.800189 285.572537 0.584649 214.493246 0.393544
 797.000000 9.434860 0.800516 284.414760 0.584649 213.691903 0.406120
 798.000000 9.430114 0.810425 286.319087 0.590165 222.918232 0.409444
 799.000000 9.535016 0.795646 285.647454 0.583300 216.540370 0.400010
 800.000000 9.514773 0.814638 286.472661 0.595681 218.903116 0.411018
 801.000000 9.494308 0.804217 286.242487 0.589454 215.294668 0.404540
 802.000000 9.557209 0.827244 286.840999 0.603525 226.955949 0.426212
 803.000000 9.443022 0.815494 286.708343 0.591318 220.367776 0.411516
 804.000000 9.430255 0.814973 286.243112 0.592611 221.311737 0.414180
 805.000000 9.445181 0.791506 285.524076 0.574651 210.069428 0.396256
 806.000000 9.562605 0.809130 286.193322 0.593174 215.046201 0.406947
 807.000000 9.528601 0.794567 284.985255 0.579463 208.080935 0.405855
 808.000000 9.435068 0.788516 283.767287 0.571603 206.294914 0.384771
 809.000000 9.547013 0.822976 286.485236 0.599636 223.709138 0.425497
 810.000000 9.501197 0.824918 286.571737 0.599164 220.465486 0.419007
 811.000000 9.437613 0.812088 286.364999 0.591252 218.513684 0.409395
 812.000000 9.488715 0.817841 286.184628 0.596451 227.337943 0.419496
 813.000000 9.552973 0.805631 285.810679 0.587094 216.890817 0.401319
 814.000000 9.513333 0.783705 284.603319 0.573362 202.003754 0.400637
 815.000000 9.497212 0.794416 284.996314 0.578397 210.334709 0.400213
 816.000000 9.498314 0.803196 286.020529 0.587340 215.218365 0.407173
 817.000000 9.574204 0.804502 285.937906 0.587889 217.492285 0.411736
 818.000000 9.481998 0.797166 285.965252 0.581124 214.894622 0.393776
 819.000000 9.532623 0.813601 286.215257 0.594642 219.365045 0.417736
 820.000000 9.541214 0.789603 285.282419 0.578992 205.795772 0.389580
 821.000000 9.432097 0.798370 285.798105 0.582760 213.752835 0.408889
 822.000000 9.474640 0.807153 285.252921 0.589240 218.244998 0.412437
 823.000000 9.524337 0.821339 285.939704 0.597597 223.598780 0.415824
 824.000000 9.509890 0.819055 285.978544 0.597252 221.887016 0.423293
 825.000000 9.599342 0.811249 285.988188 0.592153 221.062588 0.408072
 826.000000 9.484012 0.812337 286.130158 0.593599 219.497876 0.416632
 827.000000 9.526973 0.805248 285.997052 0.589564 214.721124 0.403179
 828.000000 9.502014 0.818214 285.165556 0.597854 224.561107 0.413276
 829.000000 9.575371 0.818996 286.379237 0.598250 224.400231 0.418829
 830.000000 9.524318 0.799711 284.700791 0.586358 212.723296 0.401323
 831.000000 9.446988 0.800357 285.417619 0.581418 212.453416 0.408568
 832.000000 9.489403 0.786455 283.843596 0.575684 204.322148 0.391194
 833.000000 9.539417 0.824123 286.794910 0.597626 227.318832 0.420901
 834.000000 9.470071 0.797010 285.006932 0.582014 211.134172 0.402865
 835.000000 9.650421 0.797109 284.662500 0.582810 210.945536 0.408596
 836.000000 9.454924 0.820891 286.507034 0.596372 225.032732 0.421988
 837.000000 9.528540 0.806737 285.063930 0.589018 218.196293 0.409309
 838.000000 9.480998 0.816122 286.622480 0.593274 222.983362 0.413371
 839.000000 9.468890 0.832287 287.019157 0.607679 231.794560 0.425761
 840.000000 9.618476 0.814253 286.158044 0.596509 221.387157 0.411698
 841.000000 9.480930 0.826364 286.308131 0.601229 226.575810 0.424669
 842.000000 9.476221 0.796154 285.653792 0.581984 212.341057 0.395065
 843.000000 9.587494 0.811175 285.866644 0.592162 220.024949 0.415722
 844.000000 9.490583 0.812863 285.965851 0.593861 218.457384 0.406522
 845.000000 9.525789 0.820507 286.494184 0.600157 221.773841 0.412208
 846.000000 9.534765 0.839865 286.863854 0.611406 233.027628 0.433921
 847.000000 9.426961 0.824612 286.525138 0.602610 226.904607 0.420769
 848.000000 9.520012 0.833392 286.920678 0.609781 229.669758 0.428202
 849.000000 9.509033 0.821683 285.977808 0.601316 223.106113 0.423074
 850.000000 9.442997 0.814315 286.615169 0.596513 221.316639 0.406078
 851.000000 9.522019 0.818176 286.280882 0.597511 219.870288 0.416506
 852.000000 9.631024 0.821827 286.591035 0.600183 223.333457 0.420807
 853.000000 9.488663 0.827022 286.634879 0.600618 225.248825 0.424382
 854.000000 9.464017 0.824551 286.847761 0.600212 222.571162 0.415918
 855.000000 9.588139 0.811219 285.680255 0.591126 218.259689 0.408777
 856.000000 9.527865 0.812150 285.201374 0.589321 220.254498 0.413918
 857.000000 9.536014 0.810412 285.688741 0.591753 215.468039 0.404517
 858.000000 9.487819 0.810741 286.141191 0.589195 218.332811 0.419408
 859.000000 9.477738 0.798813 285.970229 0.579816 211.625025 0.406471
 860.000000 9.577435 0.819844 286.486148 0.596762 222.341992 0.420204
 861.000000 9.500629 0.842041 287.078925 0.610521 231.745072 0.430935
 862.000000 9.467487 0.843244 287.089626 0.614114 234.485725 0.423932
 863.000000 9.544685 0.830459 287.037609 0.604076 228.609105 0.429015
 864.000000 9.501705 0.816718 286.339687 0.594120 225.376741 0.412243
 865.000000 9.502059 0.815217 286.105060 0.592583 220.045773 0.414925
 866.000000 9.539611 0.801330 285.311125 0.583979 209.443488 0.409524
 867.000000 9.411792 0.799199 285.552823 0.582900 212.889661 0.393550
 868.000000 9.511921 0.823197 286.531129 0.599274 226.214345 0.422253
 869.000000 9.452156 0.805192 285.592028 0.586711 214.054575 0.404877
 870.000000 9.560139 0.792355 285.293947 0.578428 210.871822 0.409020
 871.000000 9.522919 0.802284 286.128316 0.582753 216.034284 0.400153
 872.000000 9.502664 0.800609 286.195598 0.587161 215.616363 0.404875
 873.000000 9.490159 0.804720 284.622754 0.588455 215.777429 0.405477
 874.000000 9.502622 0.796266 285.546737 0.582129 209.890304 0.394412
 875.000000 9.527676 0.801050 285.212456 0.587511 217.671531 0.412805
 876.000000 9.503317 0.810827 285.838357 0.588630 215.516382 0.408297
 877.000000 9.473579 0.819689 286.783143 0.596649 226.747438 0.420147
 878.000000 9.500162 0.831894 286.893608 0.604805 226.610719 0.425342
 879.000000 9.565252 0.826427 286.472138 0.600830 226.703927 0.419769
 880.000000 9.491112 0.810818 285.845658 0.588663 220.046736 0.417639
 881.000000 9.528109 0.814992 286.322916 0.595102 222.845533 0.409406
 882.000000 9.586520 0.801635 285.575844 0.586203 215.125732 0.410033
 883.000000 9.504653 0.824849 286.606313 0.600290 225.643371 0.423856
 884.000000 9.561763 0.838028 286.959365 0.609982 235.243288 0.426873
 885.000000 9.544092 0.811950 285.566024 0.593631 218.677388 0.415346
 886.000000 9.579741 0.842003 286.644572 0.613388 233.377994 0.428089
 887.000000 9.508096 0.825671 286.539768 0.602132 228.388799 0.421570
 888.000000 9.524144 0.823494 286.104262 0.598392 224.821240 0.413141
 889.000000 9.550836 0.808480 285.546651 0.590670 218.518510 0.412657
 890.000000 9.504628 0.825988 286.858325 0.600466 224.842909 0.411538
 891.000000 9.502018 0.805322 285.928466 0.586335 214.886836 0.407490
 892.000000 9.560121 0.815333 285.763185 0.593958 219.732824 0.413927
 893.000000 9.481456 0.801226 285.977643 0.582266 210.879550 0.399020
 894.000000 9.570732 0.816316 286.378754 0.596500 222.200668 0.411849
 895.000000 9.444347 0.816652 286.292949 0.594078 220.309258 0.404388
 896.000000 9.474573 0.799690 285.108380 0.583863 212.290893 0.408967
 897.000000 9.624582 0.811418 286.075004 0.592577 218.741256 0.407459
 898.000000 9.417389 0.808404 286.079150 0.592467 218.167668 0.409535
 899.000000 9.535451 0.814414 285.663553 0.593688 221.178242 0.422684
 900.000000 9.526582 0.827813 286.816000 0.602952 228.497537 0.419316
 901.000000 9.478751 0.815401 286.074073 0.597853 218.943889 0.417674
 902.000000 9.538654 0.812344 286.433613 0.593708 222.502372 0.412249
 903.000000 9.477853 0.807406 284.940371 0.590048 216.461413 0.411291
 904.000000 9.594258 0.826899 286.646661 0.606062 229.379295 0.424463
 905.000000 9.602555 0.827495 286.845451 0.601131 228.620462 0.423451
 906.000000 9.442106 0.811454 285.959049 0.590837 216.241634 0.411399
 907.000000 9.425933 0.811281 285.884809 0.590556 222.475791 0.402630
 908.000000 9.464247 0.806986 285.406813 0.588761 218.140355 0.416989
 909.000000 9.516195 0.807112 285.261607 0.590322 215.468786 0.406324
 910.000000 9.526079 0.802604 285.695391 0.584126 213.550454 0.406129
 911.000000 9.492713 0.785304 282.648571 0.575323 200.311095 0.394426
 912.000000 9.554288 0.800065 286.050157 0.582695 212.791146 0.401706
 913.000000 9.445071 0.783930 283.233435 0.574084 202.252521 0.391376
 914.000000 9.450137 0.821566 286.734922 0.599195 223.535953 0.415737
 915.000000 9.394168 0.804344 284.425671 0.582702 211.695810 0.405106
 916.000000 9.443989 0.812581 284.453771 0.591774 216.945966 0.416147
 917.000000 9.541130 0.809449 285.962356 0.590545 215.185666 0.413514
 918.000000 9.436359 0.797049 285.426613 0.581342 210.204816 0.400698
 919.000000 9.520482 0.805951 284.977365 0.590977 221.038147 0.407122
 920.000000 9.513710 0.801902 284.783344 0.581991 209.913295 0.403795
 921.000000 9.480925 0.783398 283.997176 0.573007 202.956399 0.396573
 922.000000 9.448181 0.794471 285.562851 0.579309 210.786331 0.398641
 923.000000 9.523073 0.828800 286.519621 0.602732 227.791195 0.429813
 924.000000 9.483855 0.788629 283.807501 0.578937 207.251311 0.394420
 925.000000 9.540821 0.809201 285.381061 0.588552 215.626384 0.411950
 926.000000 9.505319 0.797817 285.611063 0.581494 211.164901 0.407110
 927.000000 9.441145 0.816420 286.272232 0.592540 219.667543 0.409141
 928.000000 9.480170 0.829833 286.473477 0.605774 227.184755 0.422954
 929.000000 9.545082 0.816423 286.302906 0.595631 217.652270 0.414959
 930.000000 9.609092 0.818578 285.499102 0.596507 221.417580 0.414141
 931.000000 9.534388 0.814044 285.919544 0.592128 217.043468 0.409241
 932.000000 9.471738 0.820011 286.329047 0.597745 222.879903 0.416046
 933.000000 9.526288 0.823078 286.605780 0.599710 227.048908 0.422305
 934.000000 9.619021 0.824477 286.597141 0.603061 220.356348 0.422298
 935.000000 9.520631 0.819026 286.709952 0.594668 224.769945 0.412684
 936.000000 9.488595 0.815130 286.296068 0.592094 219.423826 0.415987
 937.000000 9.505396 0.812828 286.317883 0.592145 220.075299 0.410865
 938.000000 9.521117 0.834036 286.911365 0.606153 231.861571 0.425806
 939.000000 9.532909 0.819594 286.573904 0.593886 225.223524 0.416315
 940.000000 9.490215 0.822982 286.490891 0.600432 221.209081 0.424520
 941.000000 9.474880 0.817227 286.161014 0.594324 221.221994 0.416684
 942.000000 9.463876 0.819343 286.500708 0.595136 222.023457 0.420884
 943.000000 9.590727 0.832725 286.850941 0.608623 227.719856 0.426040
 944.000000 9.503924 0.809789 286.274386 0.593484 219.756792 0.411101
 945.000000 9.575779 0.827338 286.650415 0.603482 225.487630 0.420901
 946.000000 9.528544 0.804331 286.206987 0.586509 216.458211 0.401468
 947.000000 9.556964 0.837570 287.009593 0.609958 230.613117 0.436971
 948.000000 9.506427 0.814523 286.358308 0.592954 218.484757 0.415120
 949.000000 9.541103 0.820026 286.380055 0.594813 222.928932 0.414280
 950.000000 9.424389 0.801812 284.094757 0.582955 212.732958 0.402386
 951.000000 9.463756 0.810491 285.426585 0.589717 216.371879 0.406087
 952.000000 9.540043 0.802768 285.196064 0.585788 214.175820 0.404954
 953.000000 9.483620 0.795267 284.718922 0.577332 209.026558 0.399468
 954.000000 9.438209 0.795013 285.682588 0.581646 209.736210 0.400504
 955.000000 9.490150 0.808197 285.923056 0.589816 219.487040 0.406745
 956.000000 9.487945 0.798995 285.227881 0.585307 211.741242 0.396802
 957.000000 9.532675 0.818749 286.570279 0.595401 226.897636 0.413915
 958.000000 9.404655 0.787204 285.431565 0.573100 206.544718 0.391981
 959.000000 9.537067 0.813325 286.343405 0.593288 220.648449 0.418283
 960.000000 9.476902 0.802306 285.698314 0.586642 210.144830 0.397494
 961.000000 9.512338 0.797134 285.755539 0.582008 211.708971 0.404592
 962.000000 9.522350 0.799086 285.737683 0.582637 211.674511 0.403826
 963.000000 9.553751 0.817932 286.235030 0.593942 219.789562 0.412985
 964.000000 9.389709 0.801672 285.442133 0.588925 214.412259 0.405262
 965.000000 9.499289 0.809669 285.932000 0.587448 222.472694 0.408634
 966.000000 9.558358 0.813511 285.578696 0.592730 222.191098 0.418044
 967.000000 9.487082 0.791980 284.644730 0.578913 205.752200 0.393482
 968.000000 9.485717 0.813370 286.603688 0.594523 218.191146 0.412231
 969.000000 9.446298 0.797038 285.535202 0.577995 212.371274 0.398961
 970.000000 9.598461 0.814875 286.521268 0.596581 221.670961 0.414882
 971.000000 9.404894 0.799795 284.907220 0.587951 212.166395 0.397886
 972.000000 9.455912 0.807452 286.194684 0.589795 217.650523 0.406179
 973.000000 9.507890 0.814744 285.881909 0.595958 222.072034 0.416213
 974.000000 9.544453 0.808278 286.179278 0.590297 217.535802 0.405950
 975.000000 9.436378 0.791306 283.520794 0.578392 207.967754 0.395049
 976.000000 9.455882 0.808805 284.872519 0.590451 213.434130 0.409649
 977.000000 9.534538 0.830050 286.910498 0.603399 224.328880 0.420280
 978.000000 9.561174 0.814494 286.472860 0.592381 220.622418 0.418056
 979.000000 9.490657 0.796195 285.545888 0.579116 211.491686 0.395710
 980.000000 9.460706 0.822885 286.585848 0.598264 223.277982 0.427055
 981.000000 9.504562 0.781058 284.739402 0.572174 199.205809 0.393946
 982.000000 9.529063 0.819323 286.311210 0.596850 221.068167 0.416825
 983.000000 9.441304 0.818408 285.437263 0.598192 218.560383 0.416206
 984.000000 9.546951 0.807506 286.041164 0.588156 216.464583 0.399209
 985.000000 9.491065 0.813207 286.383973 0.592961 219.759375 0.422262
 986.000000 9.432597 0.823476 286.793051 0.601927 223.580795 0.418454
 987.000000 9.494226 0.796249 285.176325 0.579251 209.490679 0.401074
 988.000000 9.523626 0.813016 286.291133 0.594654 222.026653 0.412232
 989.000000 9.497857 0.790145 285.082785 0.576128 204.799877 0.393461
 990.000000 9.486065 0.807606 285.979484 0.592297 219.158733 0.410851
 991.000000 9.421499 0.808721 285.807848 0.589313 215.263684 0.405068
 992.000000 9.566689 0.830366 286.828148 0.605493 229.307796 0.435024
 993.000000 9.486003 0.795289 285.484702 0.579837 212.994170 0.394770
 994.000000 9.496913 0.814126 285.993154 0.592809 215.130979 0.411506
 995.000000 9.587565 0.815549 286.239239 0.597257 226.142219 0.413467
 996.000000 9.477069 0.810471 285.892865 0.590721 217.700126 0.412375
 997.000000 9.557830 0.801158 286.037234 0.585627 214.421199 0.412129
 998.000000 9.528553 0.815491 286.309858 0.592898 221.762816 0.416811
 999.000000 9.484395 0.799650 285.588811 0.584520 216.432127 0.399572
 1000.000000 9.618635 0.820590 286.691279 0.600827 225.867663 0.420026
