#! FIELDS time vol refcv.mean refcv.morethan refcv2.mean refcv2.morethan q6.vmean
 0.000000 8.796848 0.286376 1.563276 0.260660 1.717679 0.042433
 1.000000 8.688666 0.294477 2.652744 0.266127 1.978186 0.031404
 2.000000 8.795157 0.286715 1.640668 0.265480 1.324936 0.040730
 3.000000 8.603553 0.289231 2.038761 0.266868 1.825006 0.053646
 4.000000 8.610243 0.290643 1.596729 0.264205 1.044963 0.035953
 5.000000 8.428263 0.299683 2.496217 0.276217 2.607830 0.024485
 6.000000 8.529192 0.303453 4.726998 0.274200 2.222451 0.025237
 7.000000 8.427032 0.298030 2.902553 0.268498 1.951818 0.041036
 8.000000 8.476901 0.301957 3.260383 0.273281 3.271607 0.028163
 9.000000 8.467843 0.294248 1.992496 0.267370 1.774297 0.039184
 10.000000 8.605520 0.297568 3.029428 0.270188 1.714406 0.033784
 11.000000 8.542918 0.297165 2.689056 0.267822 1.082901 0.035930
 12.000000 8.555972 0.291569 1.991668 0.265860 1.431978 0.031478
 13.000000 8.767408 0.295276 3.052093 0.269444 1.314938 0.048234
 14.000000 8.694766 0.294056 2.448961 0.266416 1.989759 0.052206
 15.000000 8.787215 0.300205 3.716942 0.268400 2.168336 0.041606
 16.000000 8.641104 0.297921 2.534018 0.265168 1.368184 0.043842
 17.000000 8.774812 0.293285 2.580006 0.260415 1.037381 0.033692
 18.000000 8.568570 0.299239 1.972920 0.271476 1.455122 0.037874
 19.000000 8.730806 0.293971 2.036185 0.264434 1.356592 0.032560
 20.000000 8.640032 0.303754 3.800948 0.270753 1.277287 0.037816
 21.000000 8.849181 0.298734 3.863036 0.268265 1.866733 0.039300
 22.000000 8.857497 0.289212 1.730299 0.256825 0.853362 0.036565
 23.000000 8.781605 0.297257 2.514004 0.261512 0.840523 0.049540
 24.000000 8.680469 0.296734 3.891918 0.262239 0.981627 0.039388
 25.000000 8.578722 0.295533 3.486110 0.263304 0.821448 0.041771
 26.000000 8.655221 0.295843 4.345969 0.262405 1.062270 0.035078
 27.000000 8.765552 0.290856 2.786480 0.258126 1.049578 0.031929
 28.000000 8.645127 0.297562 3.940622 0.262399 0.726200 0.044595
 29.000000 8.612065 0.294810 1.724207 0.261514 0.670711 0.045745
 30.000000 8.719923 0.295402 4.011521 0.258876 0.670220 0.025254
 31.000000 8.740328 0.295711 2.315022 0.269125 1.978514 0.035352
 32.000000 8.846729 0.296260 4.349846 0.266972 1.788330 0.034377
 33.000000 8.838590 0.293948 3.070529 0.268131 3.264084 0.033606
 34.000000 8.916471 0.294470 2.784206 0.268255 2.397706 0.040167
 35.000000 8.721670 0.298589 3.276057 0.265150 1.823370 0.037684
 36.000000 8.665476 0.296517 1.901106 0.271444 1.171989 0.037541
 37.000000 8.704768 0.293047 2.014807 0.262715 0.938877 0.046397
 38.000000 8.814578 0.291142 2.218728 0.263735 2.111440 0.040955
 39.000000 9.017662 0.289308 1.972253 0.260830 1.196940 0.039864
 40.000000 8.792994 0.289493 2.239865 0.260211 1.101260 0.029955
 41.000000 8.846709 0.292477 2.748129 0.262041 1.067789 0.042006
 42.000000 8.715923 0.296202 2.503964 0.265371 2.338185 0.029408
 43.000000 8.716983 0.286624 2.137023 0.261543 1.203730 0.027826
 44.000000 8.607593 0.290696 1.835350 0.265671 1.613712 0.049524
 45.000000 8.590864 0.295429 2.023943 0.269776 1.491392 0.031519
 46.000000 8.767892 0.289487 2.256276 0.255209 0.750368 0.047611
 47.000000 8.555562 0.291064 3.541078 0.263663 2.728630 0.038297
 48.000000 8.591517 0.290245 1.886572 0.262873 0.838952 0.030908
 49.000000 8.549211 0.292096 2.069622 0.262774 1.114948 0.037035
 50.000000 8.627608 0.295467 2.649719 0.268131 0.975289 0.038189
 51.000000 8.563051 0.294957 2.846210 0.263615 0.861584 0.030223
 52.000000 8.514419 0.292624 3.110342 0.263953 1.604673 0.044444
 53.000000 8.639395 0.286205 1.276663 0.263621 0.796242 0.042883
 54.000000 8.594352 0.293321 2.063945 0.263099 0.789590 0.046792
 55.000000 8.568036 0.291670 1.877105 0.263087 1.223489 0.027683
 56.000000 8.595147 0.291577 2.223359 0.265262 1.408494 0.041451
 57.000000 8.652992 0.290536 2.036608 0.268979 1.231756 0.043562
 58.000000 8.612099 0.290459 1.908900 0.263806 1.007333 0.053233
 59.000000 8.578675 0.288852 1.580726 0.269873 2.118789 0.035865
 60.000000 8.746818 0.287921 1.864640 0.263511 1.247029 0.033290
 61.000000 8.688251 0.292474 3.087594 0.266820 1.502852 0.040414
 62.000000 8.690221 0.295245 3.408237 0.269203 1.767424 0.035021
 63.000000 8.667289 0.294776 2.558651 0.265997 1.336481 0.038128
 64.000000 8.667526 0.288769 2.461743 0.261907 1.307163 0.034364
 65.000000 8.748646 0.291812 2.919040 0.261284 1.225679 0.036464
 66.000000 8.670440 0.285696 1.544391 0.258939 1.042200 0.024050
 67.000000 8.833087 0.285042 1.645689 0.251781 0.597235 0.046740
 68.000000 8.621251 0.290263 1.875566 0.258042 0.681858 0.044283
 69.000000 8.677560 0.288557 1.875000 0.257593 0.912781 0.041719
 70.000000 8.583775 0.289108 1.500072 0.261809 0.990229 0.042469
 71.000000 8.715676 0.288161 2.084957 0.261574 1.001547 0.031919
 72.000000 8.637379 0.290751 1.447882 0.263522 0.727467 0.028941
 73.000000 8.705169 0.281469 0.977072 0.254944 0.517455 0.024891
 74.000000 8.749935 0.283242 1.465662 0.255556 0.834069 0.043203
 75.000000 8.795576 0.282577 1.522499 0.259434 0.849114 0.035914
 76.000000 9.015009 0.279978 1.520438 0.257450 0.743803 0.034522
 77.000000 8.850415 0.284495 1.981440 0.260207 1.008741 0.040764
 78.000000 8.861615 0.283179 1.315031 0.256899 0.667100 0.046312
 79.000000 8.844469 0.289043 2.550931 0.259567 1.283218 0.034850
 80.000000 8.821760 0.289155 2.196525 0.261074 1.165309 0.039372
 81.000000 8.654238 0.293566 2.316558 0.261545 1.544045 0.044624
 82.000000 8.601076 0.292089 1.926289 0.265050 0.952429 0.028570
 83.000000 8.753760 0.284727 1.251310 0.257957 0.673194 0.030905
 84.000000 8.842891 0.281998 1.236869 0.253847 0.685543 0.037766
 85.000000 8.987223 0.281893 1.460154 0.257242 0.788004 0.034480
 86.000000 8.926533 0.282065 1.426320 0.255489 0.561181 0.034136
 87.000000 8.747026 0.292078 2.337041 0.263618 1.093896 0.040587
 88.000000 8.738548 0.282036 2.132284 0.258296 0.643566 0.052814
 89.000000 8.795276 0.286632 1.477398 0.262413 0.989992 0.032363
 90.000000 8.865317 0.282496 1.756572 0.261294 0.818868 0.030395
 91.000000 8.890082 0.281126 2.159233 0.258336 0.969734 0.038583
 92.000000 8.826116 0.285997 1.972052 0.264539 0.927058 0.053467
 93.000000 8.746278 0.292016 2.256786 0.269142 1.318724 0.037552
 94.000000 8.725104 0.292810 2.528989 0.271115 2.145273 0.037075
 95.000000 8.613433 0.289559 1.930308 0.268143 1.850421 0.044234
 96.000000 8.628410 0.291361 2.032762 0.262809 1.853153 0.046907
 97.000000 8.535573 0.294523 1.926493 0.264189 1.034556 0.051169
 98.000000 8.741348 0.296275 2.180995 0.265282 1.095054 0.032182
 99.000000 8.665848 0.291152 2.074223 0.262353 0.997989 0.039807
 100.000000 8.684519 0.289926 1.642066 0.266163 1.230209 0.048819
 101.000000 8.876501 0.291286 4.512671 0.260409 1.106891 0.029850
 102.000000 8.735278 0.289133 1.617216 0.261293 1.085238 0.034303
 103.000000 8.742105 0.291055 2.406533 0.266158 1.999229 0.047140
 104.000000 8.664152 0.285920 1.590019 0.262007 1.351264 0.050346
 105.000000 8.761216 0.283762 1.325735 0.256942 0.790178 0.051215
 106.000000 8.871416 0.285545 1.735668 0.260571 1.430376 0.038454
 107.000000 8.647856 0.291411 2.066882 0.262711 0.969426 0.034727
 108.000000 8.438371 0.294349 1.809851 0.272025 1.260689 0.037010
 109.000000 8.636427 0.295712 2.597528 0.265681 1.416530 0.034325
 110.000000 8.530694 0.296886 2.140377 0.270804 1.859223 0.037536
 111.000000 8.440636 0.302869 2.646240 0.278312 1.972468 0.042364
 112.000000 8.552018 0.292903 2.669431 0.269885 2.713045 0.030222
 113.000000 8.658066 0.298120 3.233034 0.272174 1.781585 0.043543
 114.000000 8.653937 0.290664 2.647867 0.266914 1.973380 0.038786
 115.000000 8.604111 0.291551 1.800399 0.264081 1.109601 0.031674
 116.000000 8.677851 0.295882 2.242203 0.266130 0.976688 0.026204
 117.000000 8.667990 0.289946 1.300253 0.264497 0.908936 0.037346
 118.000000 8.635063 0.298756 2.084402 0.269065 1.450779 0.049011
 119.000000 8.654915 0.294131 1.984591 0.268530 1.740898 0.034785
 120.000000 8.784749 0.294337 1.643633 0.272073 2.506624 0.036537
 121.000000 8.911828 0.294685 2.333021 0.268465 2.322084 0.037094
 122.000000 8.994321 0.289246 2.297555 0.266349 2.859270 0.041436
 123.000000 8.836332 0.290056 1.756467 0.263949 1.782274 0.028378
 124.000000 8.890855 0.287544 1.753718 0.263169 1.431186 0.042627
 125.000000 8.969527 0.280358 1.150247 0.260201 1.007785 0.038130
 126.000000 8.803691 0.284173 1.240184 0.261241 1.429162 0.045287
 127.000000 8.827464 0.289796 2.288712 0.267949 1.478179 0.055518
 128.000000 9.054218 0.285638 1.914525 0.261460 0.991240 0.035688
 129.000000 8.911393 0.292297 1.952841 0.269286 1.742300 0.024231
 130.000000 9.057614 0.291374 2.619896 0.263545 2.414058 0.025458
 131.000000 9.050092 0.288907 1.630485 0.264490 1.695309 0.045429
 132.000000 9.121084 0.285295 1.416138 0.263976 2.039539 0.027838
 133.000000 8.851248 0.287393 1.781229 0.270713 2.260549 0.033477
 134.000000 8.896546 0.286023 2.023509 0.266627 3.134986 0.031275
 135.000000 8.949352 0.284813 1.279787 0.261134 1.410003 0.039525
 136.000000 8.843462 0.284958 1.750923 0.266516 2.644116 0.035700
 137.000000 8.976778 0.280226 1.718867 0.258613 2.006941 0.036260
 138.000000 8.932318 0.283815 1.666014 0.261750 1.849798 0.028908
 139.000000 8.963154 0.279512 1.122001 0.256883 1.424406 0.031139
 140.000000 9.046377 0.277105 1.076496 0.255829 1.323404 0.037176
 141.000000 8.969809 0.277662 1.184319 0.251774 0.764670 0.039582
 142.000000 8.831412 0.290896 2.177481 0.261854 1.821019 0.044655
 143.000000 8.922817 0.281173 1.370611 0.256600 1.064954 0.046691
 144.000000 8.812617 0.287675 1.452645 0.263222 1.110026 0.038045
 145.000000 8.907740 0.292074 2.922308 0.269368 2.732320 0.040479
 146.000000 8.643615 0.291737 1.968578 0.266363 1.579583 0.025895
 147.000000 8.777772 0.286296 1.610110 0.261444 1.338969 0.040564
 148.000000 8.775500 0.290693 2.499118 0.265093 1.278827 0.035711
 149.000000 8.724839 0.288977 1.722109 0.257083 0.973283 0.033478
 150.000000 8.799131 0.284602 1.343056 0.255782 0.605754 0.044343
 151.000000 8.812906 0.290809 2.438099 0.259265 1.005943 0.047530
 152.000000 8.822149 0.286663 2.434187 0.253157 0.899520 0.048754
 153.000000 8.964876 0.282356 2.299392 0.255005 0.918229 0.032635
 154.000000 8.949489 0.290441 2.161835 0.261825 1.229625 0.050730
 155.000000 8.901179 0.290658 1.850985 0.263582 1.140123 0.049019
 156.000000 8.827138 0.287055 1.927347 0.262320 1.172796 0.032753
 157.000000 8.821025 0.292415 2.919376 0.268168 1.643240 0.039058
 158.000000 8.831533 0.292596 2.663882 0.263042 1.147898 0.039302
 159.000000 8.812976 0.293830 3.365483 0.265364 1.433508 0.041302
 160.000000 8.850895 0.294287 2.026195 0.265444 0.891799 0.027575
 161.000000 8.850366 0.303591 5.636607 0.270547 2.657120 0.044532
 162.000000 8.877681 0.296018 4.222832 0.264057 1.615092 0.044129
 163.000000 8.897007 0.296565 3.234977 0.263272 1.012296 0.035549
 164.000000 8.919561 0.283645 1.938318 0.257320 0.935968 0.043411
 165.000000 8.737362 0.298034 3.387595 0.263848 1.620989 0.035044
 166.000000 8.595720 0.295112 2.842691 0.274416 1.651824 0.039592
 167.000000 8.605711 0.299840 2.802952 0.273095 2.085858 0.026608
 168.000000 8.474459 0.299799 3.122866 0.271896 1.713635 0.043754
 169.000000 8.444533 0.292378 1.960211 0.266974 1.041334 0.037454
 170.000000 8.519123 0.293560 2.208332 0.266366 0.919887 0.033270
 171.000000 8.582014 0.288682 1.450557 0.264986 0.842684 0.037698
 172.000000 8.685023 0.286990 1.299881 0.264376 0.980092 0.024119
 173.000000 8.716855 0.288117 2.161406 0.261726 1.087214 0.041639
 174.000000 8.806978 0.292261 3.370177 0.261105 2.327011 0.035110
 175.000000 8.642200 0.286541 1.619010 0.260803 0.950187 0.048889
 176.000000 8.725749 0.288672 1.374618 0.260235 0.858707 0.032797
 177.000000 8.878441 0.284324 1.151785 0.262196 1.127905 0.036252
 178.000000 8.787462 0.289329 1.727712 0.265307 1.986436 0.044519
 179.000000 8.718392 0.284084 1.553723 0.262781 0.848456 0.053442
 180.000000 8.653705 0.288688 2.365816 0.262660 1.073853 0.036130
 181.000000 8.711919 0.287924 1.525773 0.258318 0.913737 0.037864
 182.000000 8.674056 0.289195 1.822768 0.265303 1.159894 0.031428
 183.000000 8.596044 0.295776 2.693268 0.269812 1.584676 0.036696
 184.000000 8.643192 0.289962 1.783602 0.265321 2.160131 0.037807
 185.000000 8.699823 0.290933 1.911698 0.265094 1.171953 0.039300
 186.000000 8.695923 0.297347 2.631819 0.267293 2.040443 0.024807
 187.000000 8.675028 0.298484 3.582358 0.274993 2.962121 0.040945
 188.000000 8.565297 0.291018 1.717261 0.269635 1.306734 0.038419
 189.000000 8.555202 0.294698 2.328695 0.273047 1.897545 0.035797
 190.000000 8.836468 0.285980 1.390627 0.265474 1.617567 0.040387
 191.000000 8.833614 0.289558 2.398377 0.265761 1.728480 0.038831
 192.000000 8.846406 0.281595 1.482419 0.263601 1.685973 0.043075
 193.000000 8.810165 0.283800 1.588910 0.264159 1.088792 0.034927
 194.000000 8.842652 0.285958 1.762419 0.262964 1.572185 0.039720
 195.000000 8.934032 0.280827 1.521162 0.261158 1.547117 0.038183
 196.000000 8.746757 0.294365 2.628039 0.272733 2.752641 0.034045
 197.000000 8.912631 0.290855 2.584305 0.264111 2.143737 0.039456
 198.000000 8.797741 0.291496 2.607400 0.266946 1.564961 0.042210
 199.000000 8.870246 0.284045 1.291309 0.266034 1.324702 0.033903
 200.000000 8.754555 0.294864 2.535212 0.268128 1.495871 0.022721
 201.000000 8.638221 0.289332 2.283907 0.264919 1.536771 0.033403
 202.000000 8.799539 0.286649 1.375605 0.265429 1.318054 0.038757
 203.000000 8.883846 0.282471 1.339925 0.264917 2.470226 0.051184
 204.000000 8.786317 0.283978 2.080612 0.265286 1.932214 0.039261
 205.000000 8.822715 0.286596 1.228602 0.266058 1.839013 0.031666
 206.000000 8.779101 0.287886 1.875005 0.268501 2.488881 0.040704
 207.000000 8.693425 0.297218 2.614382 0.278489 2.303422 0.040332
 208.000000 8.788902 0.289865 2.130823 0.263729 3.015831 0.027471
 209.000000 8.795210 0.282755 1.162012 0.261848 1.355681 0.034381
 210.000000 8.749214 0.286905 2.014912 0.263470 1.353599 0.050894
 211.000000 8.741664 0.283074 1.258587 0.260150 1.003942 0.034968
 212.000000 8.872716 0.278453 0.966004 0.256744 0.831774 0.036716
 213.000000 8.811068 0.285557 1.487884 0.261356 1.068836 0.025985
 214.000000 8.743257 0.287497 1.650128 0.263323 1.482859 0.037068
 215.000000 8.607222 0.288348 2.122843 0.268454 1.749115 0.052179
 216.000000 8.696522 0.292438 1.583710 0.266422 0.872414 0.034333
 217.000000 8.891839 0.282103 1.239322 0.256545 1.114449 0.037242
 218.000000 8.681435 0.289774 1.920330 0.259223 1.162842 0.046744
 219.000000 8.587719 0.291294 2.038183 0.263816 1.655598 0.034217
 220.000000 8.797223 0.288615 2.124941 0.257770 0.789267 0.028460
 221.000000 8.864848 0.288573 3.668294 0.260014 1.323616 0.043506
 222.000000 8.767142 0.286684 1.587156 0.262063 1.677589 0.035816
 223.000000 8.838918 0.286526 3.278370 0.253595 0.754892 0.046285
 224.000000 8.643185 0.294556 3.784742 0.263490 2.521374 0.048715
 225.000000 8.709897 0.291018 3.627581 0.265961 2.363634 0.047056
 226.000000 8.834692 0.291001 3.266614 0.258564 1.229212 0.038875
 227.000000 8.767495 0.288317 2.116379 0.263646 1.531574 0.044882
 228.000000 8.607174 0.296823 2.499174 0.264276 1.234065 0.029198
 229.000000 8.539192 0.300897 3.414532 0.273087 1.921975 0.038462
 230.000000 8.547168 0.292935 1.736681 0.268365 1.698503 0.039886
 231.000000 8.547597 0.296816 2.795184 0.267996 1.564381 0.045349
 232.000000 8.580155 0.291405 1.399295 0.264020 0.874082 0.034707
 233.000000 8.473377 0.294010 1.899729 0.266943 1.402159 0.045423
 234.000000 8.692200 0.291894 1.592591 0.263335 0.787536 0.034294
 235.000000 8.676120 0.286384 1.250834 0.258750 1.045571 0.036854
 236.000000 8.791213 0.283497 1.654760 0.251521 1.508931 0.038866
 237.000000 8.802507 0.289377 1.937055 0.264411 1.882549 0.044844
 238.000000 8.847643 0.286540 1.513655 0.257747 0.896151 0.040981
 239.000000 8.905096 0.280092 0.948139 0.255188 0.685946 0.048394
 240.000000 8.736275 0.290312 1.431259 0.264568 1.119290 0.033448
 241.000000 8.656637 0.292798 1.854629 0.264804 1.429518 0.040267
 242.000000 8.683297 0.288457 1.271159 0.257857 0.605689 0.025453
 243.000000 8.629737 0.292965 1.400940 0.262292 0.737824 0.045076
 244.000000 8.524105 0.295901 1.825582 0.266384 2.075925 0.030316
 245.000000 8.440206 0.292441 1.589703 0.264130 0.592117 0.042437
 246.000000 8.533725 0.292175 1.643170 0.261279 0.788280 0.040195
 247.000000 8.672733 0.292131 1.982636 0.260354 0.968377 0.031604
 248.000000 8.597462 0.288369 2.048888 0.263112 1.398182 0.038381
 249.000000 8.713591 0.283491 1.134040 0.257943 0.593371 0.027126
 250.000000 8.524659 0.292123 1.702543 0.265265 1.132932 0.040343
 251.000000 8.586347 0.288698 1.818372 0.261225 0.503793 0.032334
 252.000000 8.546489 0.287654 1.235920 0.266885 1.171884 0.037426
 253.000000 8.617796 0.294223 3.264205 0.269576 2.472087 0.035272
 254.000000 8.655787 0.287697 1.554959 0.258787 0.653504 0.038061
 255.000000 8.485371 0.292585 1.699346 0.263701 0.810353 0.032592
 256.000000 8.582082 0.291426 2.007395 0.261378 0.754549 0.042799
 257.000000 8.483806 0.294085 2.075471 0.265736 0.677235 0.045151
 258.000000 8.377897 0.297380 3.387112 0.267185 1.328402 0.034964
 259.000000 8.592192 0.298178 2.771437 0.271862 1.230106 0.050188
 260.000000 8.439980 0.298677 3.021842 0.268533 0.970201 0.040847
 261.000000 8.586965 0.300760 3.423079 0.271520 1.566504 0.060072
 262.000000 8.629770 0.294127 2.203217 0.264477 1.208912 0.049979
 263.000000 8.532311 0.299924 3.151441 0.269029 1.100359 0.040765
 264.000000 8.537986 0.297283 2.744817 0.267511 1.576255 0.030258
 265.000000 8.398564 0.299883 2.552326 0.271409 1.204980 0.030641
 266.000000 8.597590 0.305080 4.363275 0.275832 1.770214 0.036068
 267.000000 8.751865 0.296739 2.796032 0.270877 1.920142 0.040878
 268.000000 8.691202 0.296811 2.690991 0.269684 0.961713 0.027405
 269.000000 8.591734 0.298877 3.452227 0.269780 1.697438 0.053258
 270.000000 8.648323 0.295965 2.798608 0.271332 2.085994 0.034618
 271.000000 8.679680 0.300560 3.902771 0.273058 2.962276 0.037567
 272.000000 8.631488 0.299122 2.835149 0.268172 1.553673 0.035029
 273.000000 8.581687 0.303553 3.907870 0.279130 2.683209 0.048152
 274.000000 8.636104 0.306757 3.475249 0.283517 3.200217 0.049284
 275.000000 8.706253 0.297917 3.026029 0.277525 3.311339 0.037910
 276.000000 8.653220 0.301218 3.216388 0.275412 3.043321 0.051176
 277.000000 8.752423 0.298753 3.165107 0.272795 3.270993 0.043232
 278.000000 8.600336 0.299204 2.801686 0.278766 2.899639 0.036028
 279.000000 8.657136 0.300094 2.962839 0.279010 2.420918 0.034286
 280.000000 8.715564 0.291977 1.627788 0.267860 1.286169 0.045137
 281.000000 8.554318 0.294123 1.812994 0.270384 1.129238 0.035686
 282.000000 8.556886 0.296293 2.203348 0.267380 2.132729 0.036456
 283.000000 8.502035 0.298374 2.428582 0.269942 1.396860 0.035973
 284.000000 8.540973 0.291299 1.666493 0.262316 1.235294 0.036829
 285.000000 8.503618 0.292136 2.479552 0.263663 1.381660 0.035121
 286.000000 8.554936 0.297364 3.065148 0.269781 1.980314 0.032283
 287.000000 8.582753 0.293327 1.835674 0.264737 1.155241 0.043418
 288.000000 8.520659 0.295883 2.458281 0.271840 1.807904 0.039964
 289.000000 8.612361 0.294315 2.282894 0.259289 1.093484 0.033916
 290.000000 8.794640 0.283530 1.162519 0.251158 0.470283 0.041635
 291.000000 8.837169 0.287688 1.803119 0.259123 0.904085 0.031990
 292.000000 8.786603 0.288139 2.399285 0.256749 0.691321 0.037706
 293.000000 8.653433 0.293086 2.554500 0.261960 0.753385 0.039024
 294.000000 8.587442 0.299998 2.880732 0.268639 0.970476 0.036167
 295.000000 8.553638 0.296030 3.406415 0.267753 1.149322 0.018110
 296.000000 8.628280 0.295335 2.885318 0.266297 1.131640 0.045997
 297.000000 8.681517 0.291209 1.931061 0.260727 0.598615 0.040617
 298.000000 8.745082 0.284711 1.312544 0.254824 0.808775 0.026723
 299.000000 8.743972 0.289729 1.644203 0.262009 0.890555 0.043033
 300.000000 8.744722 0.286866 1.529283 0.262267 1.246817 0.028789
 301.000000 8.651642 0.291309 2.120263 0.263152 0.756354 0.023503
 302.000000 8.530952 0.300773 2.763910 0.268120 1.008220 0.035497
 303.000000 8.601404 0.293599 2.191109 0.266810 1.136449 0.045314
 304.000000 8.770754 0.292553 2.133631 0.267713 1.619408 0.050318
 305.000000 8.749093 0.292262 2.728097 0.267743 1.215660 0.030377
 306.000000 8.676728 0.295933 2.762820 0.269348 1.435178 0.043698
 307.000000 8.878866 0.288479 2.405032 0.261413 0.986210 0.041964
 308.000000 8.999709 0.297692 4.075673 0.269578 2.434119 0.038020
 309.000000 8.760742 0.295226 2.476902 0.266481 0.751026 0.040877
 310.000000 8.654910 0.289503 1.735629 0.266585 1.502326 0.041358
 311.000000 8.705717 0.289335 2.230635 0.263006 1.799391 0.042261
 312.000000 8.769724 0.284239 1.429222 0.261922 1.347238 0.036488
 313.000000 8.734804 0.289578 1.862614 0.265559 1.622995 0.028728
 314.000000 8.744368 0.291489 2.497564 0.266386 1.649171 0.038607
 315.000000 8.748605 0.295127 3.025141 0.272152 1.382103 0.031716
 316.000000 8.814692 0.292643 2.560712 0.264266 1.087062 0.024258
 317.000000 8.823937 0.294084 2.607873 0.271219 2.195749 0.033626
 318.000000 8.834145 0.291358 2.608243 0.263591 1.189166 0.038534
 319.000000 8.858068 0.294798 3.506408 0.263093 1.805763 0.043310
 320.000000 8.860250 0.291830 2.486357 0.266391 1.574165 0.029289
 321.000000 8.669934 0.298510 3.479572 0.270632 1.540661 0.044122
 322.000000 8.731997 0.298068 3.914647 0.268056 2.174634 0.046550
 323.000000 8.861684 0.295814 3.324422 0.265234 1.337576 0.027121
 324.000000 8.762408 0.298610 2.775756 0.270486 1.363459 0.035672
 325.000000 8.756373 0.300083 4.496969 0.268495 2.324223 0.038282
 326.000000 8.815872 0.301560 4.011691 0.272330 1.734770 0.056999
 327.000000 8.726524 0.298297 3.753631 0.270686 1.739066 0.056971
 328.000000 8.695252 0.297401 2.347580 0.269916 1.171468 0.042081
 329.000000 8.726749 0.298643 2.978630 0.269955 1.604067 0.040829
 330.000000 8.696726 0.294570 3.239033 0.262105 1.700986 0.045711
 331.000000 8.708881 0.290389 1.455641 0.257656 0.589093 0.054307
 332.000000 8.670546 0.288641 1.521649 0.264940 1.162484 0.044828
 333.000000 8.779510 0.287471 1.669216 0.263796 1.347256 0.036551
 334.000000 8.840468 0.292241 2.774766 0.265635 1.891718 0.036398
 335.000000 8.795481 0.286026 1.553006 0.258855 0.777980 0.040397
 336.000000 8.818613 0.290416 1.685638 0.263116 0.755604 0.044240
 337.000000 8.804021 0.284994 1.112591 0.258916 0.823248 0.029855
 338.000000 8.780189 0.282737 0.927708 0.255673 0.840823 0.040073
 339.000000 8.866094 0.288034 1.329382 0.260371 0.742792 0.029641
 340.000000 8.728137 0.288435 1.719292 0.265351 1.100102 0.045160
 341.000000 8.652981 0.290350 1.502391 0.262430 0.924383 0.035545
 342.000000 8.802313 0.284610 1.719992 0.260346 1.113052 0.032505
 343.000000 8.829759 0.292691 2.402078 0.263971 2.389789 0.053555
 344.000000 8.618558 0.293173 2.204155 0.267253 1.576655 0.036073
 345.000000 8.735151 0.295072 1.989909 0.268808 1.226218 0.042440
 346.000000 8.681631 0.297612 2.779593 0.267149 1.480789 0.057063
 347.000000 8.546063 0.295473 2.464598 0.271352 2.663430 0.046182
 348.000000 8.734604 0.290346 1.992958 0.265625 1.298397 0.047584
 349.000000 8.862611 0.291581 2.414850 0.262698 1.496170 0.053160
 350.000000 8.751373 0.290908 3.007929 0.268117 2.270357 0.036718
 351.000000 8.646353 0.302867 3.709981 0.272979 2.261754 0.036241
 352.000000 8.714051 0.304129 4.354122 0.278096 4.100719 0.040115
 353.000000 8.642182 0.294724 2.014484 0.270956 1.871698 0.044315
 354.000000 8.675470 0.290921 2.314364 0.264390 1.877128 0.037418
 355.000000 8.735117 0.300953 3.861091 0.275485 2.784346 0.046715
 356.000000 8.808509 0.299497 3.121285 0.266474 1.922310 0.031348
 357.000000 8.757993 0.298619 3.313081 0.272325 2.485509 0.035806
 358.000000 8.732562 0.296685 2.868821 0.271119 2.470795 0.042109
 359.000000 8.671638 0.295464 2.191011 0.266881 1.524011 0.051676
 360.000000 8.882746 0.291093 2.468520 0.265102 1.602285 0.033361
 361.000000 8.727289 0.290054 1.750801 0.266499 1.361489 0.041248
 362.000000 8.537894 0.299326 3.605360 0.272802 2.530381 0.045390
 363.000000 8.565059 0.301958 2.313102 0.275579 1.908882 0.045205
 364.000000 8.594921 0.294926 2.361142 0.273079 1.940125 0.029312
 365.000000 8.622658 0.297628 2.309492 0.272456 1.224450 0.035765
 366.000000 8.605978 0.298238 2.936725 0.270492 1.331634 0.034375
 367.000000 8.649123 0.296232 2.889488 0.263047 0.906319 0.033496
 368.000000 8.650645 0.293234 2.000242 0.263530 1.278607 0.039865
 369.000000 8.579538 0.302485 3.986072 0.270076 1.469185 0.029193
 370.000000 8.625505 0.298148 3.067628 0.267921 1.530523 0.041132
 371.000000 8.680108 0.294816 3.130194 0.265133 1.366845 0.032546
 372.000000 8.583691 0.296656 2.880855 0.273512 2.218178 0.032239
 373.000000 8.650980 0.292548 2.666470 0.267746 1.323302 0.039001
 374.000000 8.517837 0.291847 2.124385 0.271112 1.791985 0.032704
 375.000000 8.827759 0.280108 1.433738 0.257660 1.233668 0.034111
 376.000000 8.672634 0.292019 2.375776 0.264298 0.858699 0.036874
 377.000000 8.598621 0.286664 1.595017 0.265449 1.178184 0.034191
 378.000000 8.765573 0.292133 2.047257 0.264230 1.185844 0.031566
 379.000000 8.620142 0.295937 2.231770 0.265853 1.178037 0.035021
 380.000000 8.665693 0.300019 2.583842 0.271150 1.334525 0.043612
 381.000000 8.797798 0.295014 2.700459 0.266788 2.609126 0.042583
 382.000000 8.735246 0.295705 1.757710 0.268516 1.492194 0.059650
 383.000000 8.708510 0.293404 2.221434 0.267871 0.901840 0.044555
 384.000000 8.708538 0.292853 2.224579 0.268041 1.511998 0.043933
 385.000000 8.573009 0.298878 2.992487 0.272632 1.911124 0.032086
 386.000000 8.623112 0.291903 1.850651 0.269608 1.805452 0.045578
 387.000000 8.478151 0.297117 2.124435 0.272718 1.816778 0.033906
 388.000000 8.386820 0.297241 2.250788 0.275525 1.606982 0.050873
 389.000000 8.464793 0.292902 1.906680 0.266953 1.257039 0.037249
 390.000000 8.452380 0.293993 2.004038 0.272028 1.552285 0.039705
 391.000000 8.598174 0.293849 2.357523 0.265906 1.160626 0.025381
 392.000000 8.703936 0.287679 1.669001 0.262657 1.247931 0.033807
 393.000000 8.516719 0.286179 1.335873 0.263664 1.259777 0.036473
 394.000000 8.411031 0.293746 1.726555 0.266970 0.965942 0.039633
 395.000000 8.513593 0.291471 2.215072 0.264783 0.677131 0.044713
 396.000000 8.567843 0.301948 5.041456 0.269367 1.537632 0.035073
 397.000000 8.499522 0.292604 1.946155 0.271175 1.480478 0.047821
 398.000000 8.670447 0.285617 1.713983 0.260498 0.910637 0.030675
 399.000000 8.764134 0.283324 1.171930 0.259204 0.664854 0.030680
 400.000000 8.822128 0.294373 2.460951 0.267694 1.614325 0.032545
 401.000000 8.598567 0.287888 1.644243 0.264942 0.828910 0.043434
 402.000000 8.687534 0.289176 2.416432 0.261491 0.836909 0.043494
 403.000000 8.748396 0.284925 1.459719 0.257350 0.818073 0.043817
 404.000000 8.777073 0.289194 1.326500 0.263937 1.331689 0.039975
 405.000000 8.556737 0.290381 1.702163 0.267478 0.990290 0.060319
 406.000000 8.679207 0.296299 2.685580 0.270474 1.508045 0.055030
 407.000000 8.706508 0.288106 1.784955 0.255641 0.823529 0.046791
 408.000000 8.633869 0.289679 1.896380 0.260667 0.609867 0.052074
 409.000000 8.703126 0.287803 1.752258 0.258766 0.649841 0.052797
 410.000000 8.729442 0.288707 1.388731 0.257401 0.593676 0.041750
 411.000000 8.719244 0.291821 2.644535 0.256489 0.946003 0.055673
 412.000000 8.611839 0.290563 1.807149 0.259441 0.795922 0.043731
 413.000000 8.563267 0.296823 2.567901 0.262722 0.746900 0.048943
 414.000000 8.699914 0.290390 1.690143 0.259461 0.718634 0.050020
 415.000000 8.781645 0.290463 2.495309 0.258988 1.293107 0.038885
 416.000000 8.677264 0.294986 2.908902 0.263035 1.173953 0.042807
 417.000000 8.691873 0.292051 1.781946 0.265163 1.013655 0.036867
 418.000000 8.633388 0.296157 3.236590 0.266268 1.015400 0.037322
 419.000000 8.671387 0.296142 2.573041 0.264187 0.716796 0.044421
 420.000000 8.631096 0.297719 2.674097 0.269221 1.449478 0.030599
 421.000000 8.766043 0.293471 2.329770 0.266816 1.266336 0.047917
 422.000000 8.832128 0.286155 2.120461 0.263841 2.051488 0.050120
 423.000000 8.808338 0.288984 1.749198 0.265322 1.346779 0.047428
 424.000000 8.813525 0.290850 2.340927 0.267817 1.406322 0.043891
 425.000000 8.873177 0.288453 1.947303 0.263276 1.358914 0.035403
 426.000000 8.930661 0.282776 2.154632 0.261188 1.347512 0.038617
 427.000000 9.016107 0.281982 1.951564 0.259429 1.404891 0.036681
 428.000000 8.935179 0.287481 1.972638 0.263861 1.283995 0.041027
 429.000000 8.832088 0.287526 2.112402 0.263763 1.605945 0.045484
 430.000000 8.993395 0.285272 1.811226 0.260929 1.212565 0.049189
 431.000000 8.815988 0.293629 1.859103 0.267523 1.738772 0.042823
 432.000000 8.687187 0.296303 2.143662 0.273489 1.844957 0.051317
 433.000000 8.921940 0.285847 1.810336 0.260148 1.208125 0.043958
 434.000000 8.896808 0.283927 1.371857 0.261850 0.989688 0.039547
 435.000000 8.816455 0.291801 2.189264 0.268042 1.410522 0.047598
 436.000000 8.921160 0.282339 1.297169 0.262952 1.615793 0.040334
 437.000000 8.912962 0.287380 1.793662 0.263316 1.674256 0.040831
 438.000000 8.830254 0.286266 1.354520 0.265074 1.989381 0.037833
 439.000000 9.010324 0.287698 2.733389 0.262274 1.307891 0.037039
 440.000000 8.826288 0.283900 1.487914 0.266815 1.549276 0.039660
 441.000000 8.740636 0.292739 2.066658 0.270118 1.549684 0.040600
 442.000000 8.587352 0.297557 1.923820 0.275199 1.798254 0.035308
 443.000000 8.463098 0.304167 3.354127 0.280809 2.123365 0.036993
 444.000000 8.439888 0.299861 2.405640 0.273661 1.252124 0.039734
 445.000000 8.577588 0.293264 2.061032 0.268810 0.970497 0.047101
 446.000000 8.500089 0.293634 1.423832 0.265525 0.854885 0.031397
 447.000000 8.536306 0.285093 2.165772 0.251960 0.556645 0.030421
 448.000000 8.584764 0.291431 2.508117 0.261568 1.240351 0.035175
 449.000000 8.440328 0.296489 2.522075 0.269632 1.500051 0.038467
 450.000000 8.673893 0.287331 2.044612 0.262741 2.143975 0.026314
 451.000000 8.524821 0.293147 1.559135 0.264764 1.216949 0.043168
 452.000000 8.673411 0.285472 1.220909 0.256325 0.770399 0.033141
 453.000000 8.603781 0.292303 1.576654 0.262624 0.910328 0.027259
 454.000000 8.725124 0.297275 2.388536 0.267359 1.053461 0.031281
 455.000000 8.896192 0.284989 2.155086 0.259178 1.423318 0.037351
 456.000000 8.898565 0.288464 1.944514 0.259915 1.021860 0.042176
 457.000000 8.842163 0.283633 1.408772 0.258613 0.850014 0.057088
 458.000000 8.794632 0.288065 2.067317 0.264136 1.592121 0.028529
 459.000000 8.789229 0.294303 2.910724 0.266654 1.385589 0.034005
 460.000000 8.846292 0.292631 2.423559 0.264161 1.577906 0.045471
 461.000000 8.868151 0.294089 3.251532 0.266168 1.751069 0.035397
 462.000000 8.889095 0.298011 2.867060 0.270495 1.599619 0.031638
 463.000000 8.945048 0.286096 1.475023 0.258601 0.940986 0.049494
 464.000000 9.017458 0.287519 2.349849 0.262651 1.333054 0.033212
 465.000000 8.815997 0.301398 3.759052 0.272449 2.127848 0.034302
 466.000000 8.780057 0.297921 2.552269 0.272247 1.432864 0.039418
 467.000000 8.833920 0.291590 4.366303 0.264211 1.734400 0.057408
 468.000000 8.832478 0.295837 2.691821 0.269362 2.250953 0.027057
 469.000000 8.863001 0.284781 1.591319 0.260202 1.128556 0.031859
 470.000000 8.850096 0.283970 1.654016 0.256713 0.929774 0.034839
 471.000000 8.709541 0.291639 2.178703 0.265994 2.081234 0.037848
 472.000000 8.759577 0.285478 1.425165 0.262469 1.025899 0.031632
 473.000000 8.760637 0.286839 2.236869 0.263492 1.359647 0.031554
 474.000000 8.763838 0.284717 1.625357 0.258945 0.692313 0.040920
 475.000000 8.690900 0.299091 3.653008 0.276186 1.870264 0.038714
 476.000000 8.789031 0.287109 1.976197 0.264342 1.160399 0.041442
 477.000000 8.729106 0.288954 2.072016 0.263186 1.172230 0.024431
 478.000000 8.611574 0.294019 2.563794 0.270578 1.574735 0.037760
 479.000000 8.670342 0.294885 3.277761 0.268589 1.963561 0.033915
 480.000000 8.725764 0.291899 2.479117 0.264880 1.673642 0.048471
 481.000000 8.631893 0.290381 2.011339 0.257844 0.794569 0.047774
 482.000000 8.742506 0.292306 2.294850 0.262884 0.813718 0.039778
 483.000000 8.669316 0.290725 2.200108 0.263399 0.999083 0.031859
 484.000000 8.604881 0.294410 1.649861 0.266900 0.803090 0.030260
 485.000000 8.709216 0.291039 2.251335 0.263082 0.964230 0.046252
 486.000000 8.587435 0.302772 3.055129 0.273295 1.311021 0.035382
 487.000000 8.818070 0.286682 1.603788 0.257926 0.808097 0.036181
 488.000000 8.630405 0.294157 2.168979 0.266091 1.101968 0.040527
 489.000000 8.503225 0.293139 1.837119 0.265670 1.002114 0.039937
 490.000000 8.571565 0.289349 1.618612 0.262628 0.804331 0.041223
 491.000000 8.781603 0.288317 1.686186 0.260902 0.642340 0.032824
 492.000000 8.430254 0.296097 2.351641 0.263341 0.677484 0.028375
 493.000000 8.526814 0.289208 1.439678 0.266064 0.876608 0.034987
 494.000000 8.441572 0.289783 1.468897 0.265817 0.753770 0.035803
 495.000000 8.503185 0.290939 1.556976 0.262181 1.004400 0.018695
 496.000000 8.391580 0.301438 3.026204 0.273001 1.370397 0.035419
 497.000000 8.663995 0.297264 2.287112 0.262234 0.955559 0.030872
 498.000000 8.550601 0.294266 1.839595 0.267295 1.012472 0.050765
 499.000000 8.488947 0.296885 1.753825 0.272718 1.187712 0.038479
 500.000000 8.676681 0.288266 1.393886 0.266174 0.937773 0.035634
 501.000000 8.652427 0.291507 1.482572 0.262161 0.825284 0.023389
 502.000000 8.514483 0.294085 1.939052 0.261588 1.335822 0.035403
 503.000000 8.726487 0.286742 1.282907 0.258449 0.677885 0.034247
 504.000000 8.556688 0.287649 1.411206 0.256060 0.776988 0.038678
 505.000000 8.670735 0.288111 1.391531 0.258220 0.669151 0.043294
 506.000000 8.747317 0.282383 1.002528 0.253129 0.411674 0.041768
 507.000000 8.707583 0.286282 1.769205 0.254942 0.552237 0.031864
 508.000000 8.708367 0.287654 1.732300 0.260863 1.351820 0.035092
 509.000000 8.684765 0.286619 1.536966 0.258440 0.794929 0.029363
 510.000000 8.711197 0.288441 1.677362 0.261059 0.970919 0.035984
 511.000000 8.589068 0.290577 1.812842 0.265630 1.067195 0.042939
 512.000000 8.690207 0.288408 1.744887 0.263039 0.863521 0.028049
 513.000000 8.798414 0.288099 2.271202 0.264859 1.263371 0.027026
 514.000000 8.663052 0.282083 1.420047 0.253618 0.580194 0.032789
 515.000000 8.675773 0.288543 1.356507 0.260199 0.661296 0.028547
 516.000000 8.522899 0.291363 2.435471 0.265296 1.554998 0.043713
 517.000000 8.596266 0.296551 2.810457 0.271101 1.737454 0.031798
 518.000000 8.550311 0.294186 2.468272 0.273134 2.065272 0.037310
 519.000000 8.610725 0.295435 2.549919 0.273676 2.074624 0.035858
 520.000000 8.623070 0.288270 1.469741 0.265442 1.320719 0.032493
 521.000000 8.704272 0.286013 2.072932 0.266471 1.356507 0.035754
 522.000000 8.743168 0.292683 2.038032 0.270735 2.036874 0.041076
 523.000000 8.708070 0.280783 0.959906 0.261561 0.968248 0.043945
 524.000000 8.799294 0.281173 1.170257 0.260741 0.794166 0.034357
 525.000000 8.757606 0.289330 2.658967 0.266192 1.193311 0.049699
 526.000000 8.716488 0.283311 1.233460 0.260093 0.649962 0.035957
 527.000000 8.639770 0.287957 1.495156 0.263244 0.915747 0.026136
 528.000000 8.737657 0.289391 1.874073 0.266294 1.553618 0.038696
 529.000000 8.851165 0.297645 3.538506 0.266787 1.755395 0.035896
 530.000000 8.722177 0.295892 2.537565 0.271668 2.067682 0.045534
 531.000000 8.596085 0.297163 3.964101 0.266764 1.871857 0.039285
 532.000000 8.673497 0.300681 4.178966 0.272189 1.718134 0.042171
 533.000000 8.787231 0.290281 2.742637 0.260857 0.707765 0.036810
 534.000000 8.582366 0.303002 5.778177 0.275949 2.215242 0.036208
 535.000000 8.581122 0.299597 3.015337 0.273652 1.983025 0.030416
 536.000000 8.597937 0.301078 3.144895 0.269320 0.881439 0.039291
 537.000000 8.725970 0.292892 2.540562 0.265893 0.842625 0.039676
 538.000000 8.686947 0.289076 1.689173 0.264242 1.126417 0.041639
 539.000000 8.717322 0.289896 1.875800 0.264817 0.870963 0.035753
 540.000000 8.815188 0.293111 2.224844 0.260707 1.220330 0.037992
 541.000000 8.623344 0.293122 2.032945 0.263920 0.898718 0.032441
 542.000000 8.866894 0.285748 1.773636 0.259573 1.058001 0.027331
 543.000000 8.696044 0.284126 1.167936 0.256450 0.522110 0.040624
 544.000000 8.812783 0.284450 1.833148 0.255423 0.803380 0.028569
 545.000000 8.864710 0.290772 4.075624 0.259371 1.550872 0.038748
 546.000000 9.034269 0.285879 2.287638 0.255122 0.966205 0.038415
 547.000000 8.973890 0.281007 2.718697 0.254056 1.336133 0.051062
 548.000000 8.926957 0.277514 1.326529 0.249517 0.588716 0.035821
 549.000000 8.906522 0.285866 2.136195 0.254650 0.834815 0.041917
 550.000000 8.979950 0.282171 1.376478 0.255179 0.859606 0.037019
 551.000000 8.923713 0.284798 2.939741 0.257275 1.667787 0.024742
 552.000000 8.864387 0.280389 1.387815 0.257280 1.190073 0.035483
 553.000000 8.848693 0.286572 2.602703 0.258076 0.811885 0.028707
 554.000000 8.899521 0.288098 2.231439 0.258653 0.925130 0.031690
 555.000000 8.747716 0.297164 3.714877 0.264580 1.635453 0.039573
 556.000000 8.797180 0.287385 2.782902 0.262070 1.185673 0.038732
 557.000000 8.660565 0.290685 2.105692 0.261869 1.283336 0.027571
 558.000000 8.737963 0.285146 1.148034 0.257810 0.727144 0.050882
 559.000000 8.733855 0.290325 2.419544 0.263699 1.199963 0.042151
 560.000000 8.703659 0.293756 2.450571 0.266386 1.743747 0.027251
 561.000000 8.814461 0.296210 3.359563 0.271742 1.913571 0.037953
 562.000000 8.715708 0.295733 2.966642 0.273669 2.048544 0.033484
 563.000000 8.790109 0.299829 3.653370 0.266860 2.042343 0.037720
 564.000000 8.757786 0.291693 2.025160 0.270573 1.103939 0.034412
 565.000000 8.718176 0.297376 3.874430 0.269242 1.656619 0.031452
 566.000000 8.767141 0.291769 1.983840 0.267329 1.737791 0.033055
 567.000000 8.644230 0.292818 1.669476 0.267720 1.180067 0.037923
 568.000000 8.861905 0.287365 1.975071 0.260443 0.829071 0.039430
 569.000000 8.859515 0.281576 1.254926 0.259696 1.238061 0.034848
 570.000000 8.775681 0.288109 1.538333 0.258460 0.676551 0.037265
 571.000000 8.749828 0.284333 1.907480 0.255774 0.851306 0.019882
 572.000000 8.563272 0.289432 1.738149 0.262396 1.485012 0.029387
 573.000000 8.491713 0.292955 1.885763 0.269313 1.883386 0.028590
 574.000000 8.599824 0.287890 1.399185 0.267302 0.981176 0.032870
 575.000000 8.607820 0.286725 1.866324 0.261452 1.501700 0.037748
 576.000000 8.679616 0.286196 1.581411 0.254662 0.759820 0.035787
 577.000000 8.631046 0.295782 2.924989 0.266634 1.177003 0.044388
 578.000000 8.715822 0.284921 1.422919 0.255950 0.725120 0.055097
 579.000000 8.695861 0.285169 1.578500 0.260242 1.216277 0.042369
 580.000000 8.658799 0.292185 2.056046 0.264467 0.922182 0.039866
 581.000000 8.560678 0.295236 2.730902 0.274364 1.357460 0.027696
 582.000000 8.732233 0.288131 2.648367 0.260609 1.001035 0.029970
 583.000000 8.734626 0.290990 1.685798 0.260396 0.839637 0.028116
 584.000000 8.841267 0.291018 1.991696 0.263063 1.108136 0.044418
 585.000000 8.737594 0.298212 2.421808 0.269564 1.493210 0.050629
 586.000000 8.729584 0.290917 1.583276 0.265558 1.095106 0.035254
 587.000000 8.570510 0.297618 2.253999 0.270852 1.101179 0.046727
 588.000000 8.627344 0.288213 1.488858 0.264763 0.876565 0.032171
 589.000000 8.664501 0.287003 1.825231 0.260871 0.881600 0.052847
 590.000000 8.672929 0.284180 1.554266 0.260477 0.976447 0.059032
 591.000000 8.788954 0.281542 1.243535 0.253058 0.482942 0.049218
 592.000000 8.670282 0.288568 2.184277 0.266767 1.230972 0.033806
 593.000000 8.867858 0.277737 1.140696 0.251980 0.510495 0.037389
 594.000000 8.751886 0.280874 0.878624 0.256162 0.493140 0.028707
 595.000000 8.841048 0.284827 1.759937 0.261607 0.954154 0.033897
 596.000000 8.797673 0.284337 1.780249 0.261466 1.563176 0.028462
 597.000000 8.800475 0.290889 2.219277 0.263384 1.071247 0.030160
 598.000000 8.771007 0.288868 1.808095 0.265630 1.349150 0.030776
 599.000000 8.754806 0.290118 2.427103 0.264476 1.306973 0.031117
 600.000000 8.735161 0.287584 2.388968 0.263971 1.537155 0.038428
 601.000000 8.727810 0.287309 2.499299 0.258032 1.377345 0.020530
 602.000000 8.708434 0.288607 2.028597 0.262579 1.013162 0.039332
 603.000000 8.546267 0.297060 3.038993 0.269509 1.810286 0.039869
 604.000000 8.778694 0.292635 1.913331 0.261581 0.702382 0.046472
 605.000000 8.716106 0.291599 2.711422 0.265613 1.235831 0.048290
 606.000000 8.638862 0.297932 3.186410 0.272658 1.382156 0.047114
 607.000000 8.742828 0.293079 3.133238 0.259607 0.772527 0.040945
 608.000000 8.743978 0.298519 5.569979 0.267167 1.180355 0.027972
 609.000000 8.703142 0.293223 4.205643 0.264691 1.478584 0.030441
 610.000000 8.803030 0.282571 2.615074 0.252942 0.840487 0.041430
 611.000000 8.748714 0.290320 3.099558 0.254648 0.809844 0.031465
 612.000000 8.840980 0.287613 3.047417 0.255587 1.364789 0.032757
 613.000000 8.713999 0.298404 4.119848 0.264741 1.377959 0.039472
 614.000000 8.938044 0.289171 4.062987 0.254617 1.055413 0.034068
 615.000000 8.908166 0.288985 2.955133 0.256458 1.002362 0.035252
 616.000000 8.823269 0.289617 2.512699 0.255910 1.050491 0.026238
 617.000000 8.855938 0.293173 2.834120 0.262584 0.996581 0.040662
 618.000000 8.962114 0.295690 3.242293 0.265020 1.352013 0.050991
 619.000000 8.780265 0.296210 3.887141 0.270907 2.241864 0.050095
 620.000000 9.041853 0.288606 2.447531 0.265370 2.841914 0.048062
 621.000000 8.824730 0.293221 3.888530 0.271643 3.148487 0.048685
 622.000000 8.939648 0.294342 4.108239 0.266085 3.174495 0.043212
 623.000000 9.014672 0.289738 2.678519 0.260984 1.523654 0.044659
 624.000000 9.011324 0.285362 1.915876 0.261153 1.659027 0.043339
 625.000000 9.000362 0.282585 2.370314 0.258958 0.968890 0.034829
 626.000000 8.821433 0.284928 1.582386 0.263661 1.262337 0.039050
 627.000000 8.689328 0.298320 3.655736 0.274400 2.821784 0.035498
 628.000000 8.768574 0.286997 2.874609 0.266489 1.476852 0.038233
 629.000000 8.711473 0.295566 1.972758 0.273320 1.534692 0.042423
 630.000000 8.555736 0.294865 1.908406 0.270495 1.495689 0.032452
 631.000000 8.515706 0.299996 2.629660 0.272633 2.109662 0.041503
 632.000000 8.500760 0.291609 2.296260 0.269979 2.431183 0.026171
 633.000000 8.550067 0.291979 1.782359 0.269430 1.530394 0.032674
 634.000000 8.769288 0.289087 1.584613 0.269129 1.497800 0.037325
 635.000000 8.726648 0.284487 1.463456 0.264826 0.943566 0.048811
 636.000000 8.639274 0.296004 2.689633 0.271033 1.436135 0.027702
 637.000000 8.664461 0.296833 2.966416 0.272701 1.897893 0.033539
 638.000000 8.531221 0.291891 1.828300 0.271337 1.641797 0.036190
 639.000000 8.618945 0.295520 2.499335 0.273111 2.018777 0.023538
 640.000000 8.539862 0.300557 3.015793 0.274919 1.461463 0.031663
 641.000000 8.773132 0.287255 1.449418 0.258386 0.599367 0.037630
 642.000000 8.990643 0.285848 1.571812 0.256575 0.678603 0.035058
 643.000000 8.910526 0.291868 2.075370 0.262201 1.460562 0.035084
 644.000000 8.831775 0.293211 2.481889 0.257191 1.112246 0.051360
 645.000000 8.868300 0.292197 2.702342 0.258049 0.975143 0.044044
 646.000000 8.916108 0.290272 2.842813 0.257083 0.880921 0.038851
 647.000000 8.879692 0.283842 1.836752 0.258427 0.569074 0.038393
 648.000000 8.711261 0.300150 3.134315 0.266036 0.991656 0.040975
 649.000000 8.711590 0.288769 1.876131 0.255585 0.520613 0.045347
 650.000000 8.721711 0.283544 1.596479 0.252029 0.397056 0.040516
 651.000000 8.805386 0.284950 1.552176 0.256583 0.672669 0.032472
 652.000000 8.872481 0.284585 1.219163 0.256518 0.534231 0.036243
 653.000000 8.880957 0.285167 1.838452 0.259845 0.754576 0.039421
 654.000000 8.815269 0.290228 2.255248 0.267278 2.241409 0.048873
 655.000000 8.776264 0.290600 2.032008 0.261633 1.170272 0.044970
 656.000000 8.733705 0.290646 1.878347 0.262061 0.992339 0.041942
 657.000000 8.744812 0.292023 2.426724 0.264535 1.408030 0.046506
 658.000000 8.829337 0.289724 1.859607 0.261111 0.981687 0.035838
 659.000000 8.757718 0.297208 3.024534 0.268306 1.886425 0.042504
 660.000000 8.813372 0.282800 1.329284 0.259148 1.316098 0.033941
 661.000000 8.876176 0.287095 1.917406 0.259815 0.901058 0.040251
 662.000000 8.724106 0.287647 1.582046 0.264335 0.932736 0.042542
 663.000000 8.730426 0.285482 1.698237 0.260736 0.785539 0.045108
 664.000000 8.839945 0.285090 1.764567 0.259118 0.977236 0.039967
 665.000000 8.832160 0.291407 1.828779 0.266978 1.142390 0.032814
 666.000000 8.734654 0.297261 2.840164 0.273365 2.571940 0.042643
 667.000000 8.767728 0.296214 2.792518 0.270759 2.251656 0.042647
 668.000000 8.779023 0.294982 2.533149 0.267475 1.730841 0.041953
 669.000000 8.887405 0.291448 2.173025 0.267797 1.867293 0.039408
 670.000000 8.906426 0.287709 2.579361 0.266032 2.129247 0.029593
 671.000000 8.804824 0.281275 1.335091 0.255338 0.676266 0.034652
 672.000000 8.874819 0.284599 1.803585 0.260687 1.695746 0.035892
 673.000000 8.656070 0.296819 3.094654 0.270096 1.395071 0.028403
 674.000000 8.593637 0.296344 2.547160 0.271727 1.919416 0.046831
 675.000000 8.585343 0.294437 2.059223 0.265369 0.880709 0.031239
 676.000000 8.487056 0.306794 4.592030 0.279664 2.663971 0.053616
 677.000000 8.750409 0.297313 3.335891 0.271537 1.205919 0.037558
 678.000000 8.778345 0.291390 2.298848 0.264431 1.503131 0.040541
 679.000000 8.681408 0.294724 2.382902 0.267363 1.658014 0.050279
 680.000000 8.471702 0.297395 2.155187 0.276142 1.222764 0.046135
 681.000000 8.646494 0.297109 2.301158 0.275746 1.990288 0.041033
 682.000000 8.574816 0.295031 2.298287 0.273691 1.925052 0.040458
 683.000000 8.736665 0.292530 1.862684 0.267650 1.322794 0.041628
 684.000000 8.538539 0.292554 1.476408 0.270634 1.549027 0.039661
 685.000000 8.681801 0.295685 2.261550 0.275274 1.817046 0.021567
 686.000000 8.795797 0.283108 1.291018 0.264239 1.122878 0.031835
 687.000000 8.649391 0.296373 2.605907 0.277317 2.451189 0.035701
 688.000000 8.796631 0.294078 2.870427 0.273985 2.378015 0.033916
 689.000000 8.811510 0.289897 2.228775 0.270841 1.881295 0.043482
 690.000000 8.720110 0.294078 2.420180 0.272856 1.949112 0.036466
 691.000000 8.609493 0.305200 5.099251 0.280634 2.855670 0.045637
 692.000000 8.840762 0.292861 2.443257 0.268979 2.338682 0.044665
 693.000000 8.785626 0.294071 3.123526 0.266241 1.972790 0.034868
 694.000000 8.797166 0.290659 2.423503 0.266166 1.215859 0.033160
 695.000000 8.876750 0.288782 1.943731 0.265923 2.012719 0.031956
 696.000000 8.742014 0.290882 1.468638 0.268384 1.364956 0.034788
 697.000000 8.868404 0.288983 1.281022 0.266548 2.195284 0.030435
 698.000000 8.783709 0.296926 2.167542 0.269768 1.602166 0.029559
 699.000000 8.729837 0.292702 2.292979 0.260926 0.867939 0.025099
 700.000000 9.055643 0.282781 1.820292 0.259928 1.639428 0.040359
 701.000000 8.943740 0.284946 1.729366 0.263414 2.245149 0.031748
 702.000000 8.935192 0.288480 2.069354 0.262210 1.086426 0.050881
 703.000000 8.856583 0.290609 1.974592 0.265017 0.968195 0.029943
 704.000000 8.892611 0.288575 2.292993 0.260243 1.092728 0.039380
 705.000000 8.978503 0.280765 1.723151 0.249750 0.792165 0.035133
 706.000000 8.844497 0.287088 2.167390 0.256867 0.731509 0.038527
 707.000000 8.737515 0.291187 1.470449 0.257595 0.782254 0.031353
 708.000000 8.932561 0.285419 1.595290 0.254772 0.753312 0.037384
 709.000000 8.885801 0.286875 1.559180 0.255968 1.218754 0.033409
 710.000000 8.765308 0.295318 2.140487 0.262073 1.546776 0.041957
 711.000000 8.737696 0.298964 3.574197 0.264462 1.689403 0.043701
 712.000000 8.899614 0.288277 1.601667 0.257418 1.020372 0.035901
 713.000000 8.880159 0.294610 2.321572 0.263019 1.302511 0.042420
 714.000000 8.886619 0.288471 1.618027 0.256228 0.689744 0.045900
 715.000000 8.613525 0.287360 1.430020 0.257841 0.649570 0.037722
 716.000000 8.794370 0.281458 1.151760 0.257265 0.940542 0.038389
 717.000000 8.864766 0.283907 1.244361 0.257315 0.765815 0.037175
 718.000000 8.696780 0.291737 1.924379 0.264967 0.914346 0.041748
 719.000000 8.679072 0.295786 2.269414 0.262874 0.758870 0.039314
 720.000000 8.660415 0.286312 1.308210 0.260997 0.858757 0.038699
 721.000000 8.438319 0.294955 3.267778 0.269415 1.357656 0.041040
 722.000000 8.587524 0.288832 1.893204 0.260452 1.107122 0.041213
 723.000000 8.571035 0.287563 1.825821 0.264341 0.825486 0.038308
 724.000000 8.656377 0.292569 2.950168 0.268587 2.191287 0.037140
 725.000000 8.475936 0.295137 2.125290 0.271374 1.888576 0.044260
 726.000000 8.621633 0.293932 2.443131 0.267547 1.673365 0.037258
 727.000000 8.584689 0.298416 2.895523 0.272537 3.288251 0.036898
 728.000000 8.618814 0.292546 2.033697 0.267784 1.597790 0.041212
 729.000000 8.648193 0.302738 3.042590 0.276814 2.169459 0.027451
 730.000000 8.447083 0.297505 2.279819 0.271185 1.786895 0.045844
 731.000000 8.555692 0.300391 2.550481 0.275679 1.895438 0.029419
 732.000000 8.610559 0.298556 2.654715 0.272958 2.698549 0.031119
 733.000000 8.627118 0.296931 2.587338 0.271734 1.726062 0.056141
 734.000000 8.712243 0.295118 3.604569 0.265699 2.288267 0.051931
 735.000000 8.837686 0.283311 1.180431 0.257562 0.744045 0.033029
 736.000000 8.812007 0.282206 1.487859 0.256228 0.960796 0.041935
 737.000000 8.748962 0.283878 1.187530 0.255142 0.613076 0.047455
 738.000000 8.581043 0.289012 1.339057 0.261128 0.665796 0.036132
 739.000000 8.785396 0.284931 1.349938 0.262145 0.875495 0.044832
 740.000000 8.775490 0.284469 1.530182 0.256564 0.952313 0.024642
 741.000000 8.888614 0.281905 1.550896 0.258574 0.941296 0.034926
 742.000000 8.756710 0.289814 2.587650 0.262198 2.213678 0.037574
 743.000000 8.958516 0.284188 1.565659 0.256764 0.781030 0.024456
 744.000000 8.777172 0.287527 1.699737 0.259152 1.157483 0.039028
 745.000000 8.679077 0.288054 1.793125 0.259672 0.853601 0.040267
 746.000000 8.603722 0.291379 2.662536 0.264557 0.998789 0.029301
 747.000000 8.503915 0.296503 2.202105 0.265378 0.887159 0.038361
 748.000000 8.471889 0.301827 2.683022 0.270935 1.524934 0.039837
 749.000000 8.530449 0.293911 2.085652 0.262511 1.420436 0.033964
 750.000000 8.533764 0.300020 2.771701 0.268372 1.638280 0.038788
 751.000000 8.584147 0.294667 2.272310 0.264056 0.960334 0.040451
 752.000000 8.736890 0.296634 2.591287 0.268361 1.501069 0.037757
 753.000000 8.724498 0.292742 2.418838 0.265122 1.452622 0.048443
 754.000000 8.602410 0.293332 2.050011 0.261485 1.058971 0.040968
 755.000000 8.791452 0.287336 1.805032 0.258193 0.984149 0.040119
 756.000000 8.636169 0.291323 2.512317 0.261023 1.006179 0.039675
 757.000000 8.639718 0.284112 1.617122 0.252949 0.613806 0.041577
 758.000000 8.493515 0.293010 2.801485 0.265012 1.385833 0.039263
 759.000000 8.649399 0.287004 1.978091 0.260836 1.051468 0.037708
 760.000000 8.547625 0.296363 3.394914 0.269049 1.534509 0.044623
 761.000000 8.709127 0.283849 1.254303 0.257853 0.707310 0.041116
 762.000000 8.607254 0.290848 3.044014 0.267061 1.755069 0.048307
 763.000000 8.575375 0.293269 2.871888 0.269764 1.706665 0.041624
 764.000000 8.787671 0.285197 2.143139 0.258409 0.879617 0.039608
 765.000000 8.752544 0.286849 1.866473 0.256956 0.546433 0.036034
 766.000000 8.722763 0.297283 3.655137 0.265669 1.597390 0.038920
 767.000000 8.657208 0.289039 4.141559 0.264016 2.190167 0.033932
 768.000000 8.644386 0.292075 2.661911 0.265534 1.518496 0.036836
 769.000000 8.700855 0.295165 3.083140 0.261630 1.568882 0.040832
 770.000000 8.775074 0.291212 2.128967 0.259708 1.218663 0.035325
 771.000000 8.682145 0.285320 1.700709 0.258997 1.626092 0.038066
 772.000000 8.658977 0.299000 3.675969 0.267671 1.260222 0.034719
 773.000000 8.823236 0.291291 2.148300 0.261735 0.932205 0.052293
 774.000000 8.828600 0.291839 1.906075 0.265059 1.241239 0.046931
 775.000000 8.947816 0.285099 2.452670 0.257984 1.002740 0.029865
 776.000000 8.880751 0.289670 2.388291 0.255335 0.525917 0.042228
 777.000000 8.757361 0.285799 1.416772 0.259908 0.973120 0.039232
 778.000000 8.875664 0.289182 2.921097 0.256477 1.316773 0.047126
 779.000000 8.849585 0.288325 2.011208 0.255064 0.822467 0.037202
 780.000000 8.784032 0.292875 2.133230 0.264437 1.048420 0.038718
 781.000000 8.888364 0.288924 1.798046 0.259322 0.939401 0.042727
 782.000000 8.877647 0.287989 2.182928 0.262169 0.977784 0.028265
 783.000000 8.743554 0.288869 1.469381 0.261144 1.305477 0.043124
 784.000000 8.719739 0.294802 2.062327 0.262582 1.335789 0.028062
 785.000000 8.761905 0.297492 2.830918 0.269479 2.878477 0.028308
 786.000000 8.793875 0.287347 1.977267 0.261963 2.195481 0.044193
 787.000000 8.559085 0.294330 2.098873 0.270727 1.716869 0.030778
 788.000000 8.594016 0.300724 2.922085 0.270430 1.716957 0.044127
 789.000000 8.604426 0.291355 1.954759 0.262239 1.682013 0.037663
 790.000000 8.637135 0.294026 2.508889 0.265431 1.523216 0.042328
 791.000000 8.621818 0.291799 1.777637 0.268175 2.068740 0.057725
 792.000000 8.789537 0.294393 2.617896 0.273060 2.666547 0.035636
 793.000000 8.722769 0.295128 3.577218 0.270292 1.759295 0.041961
 794.000000 8.909804 0.283100 1.580080 0.261639 1.236933 0.036464
 795.000000 8.926456 0.282046 1.599749 0.259264 0.988026 0.034569
 796.000000 8.893033 0.292411 2.602215 0.268013 1.409606 0.045227
 797.000000 8.877177 0.291446 2.329148 0.262144 1.123981 0.026057
 798.000000 8.663530 0.298500 4.290909 0.270897 1.502005 0.040244
 799.000000 8.955343 0.283522 1.938289 0.256248 1.416929 0.040726
 800.000000 8.918403 0.288816 1.989395 0.262650 1.123302 0.031647
 801.000000 8.827648 0.286028 1.486598 0.261762 0.952742 0.031243
 802.000000 8.692972 0.299527 2.855570 0.270273 1.347575 0.036996
 803.000000 8.622970 0.292734 2.264426 0.264244 0.798647 0.026864
 804.000000 8.553319 0.295923 2.505762 0.271689 1.569629 0.040677
 805.000000 8.685378 0.303391 4.005839 0.267883 1.408388 0.028097
 806.000000 8.690096 0.297804 2.358857 0.269581 1.620728 0.031799
 807.000000 8.608404 0.290468 2.696035 0.267592 1.695519 0.033922
 808.000000 8.603378 0.294223 2.616386 0.268664 1.485935 0.034133
 809.000000 8.594829 0.297360 3.164832 0.272594 1.438192 0.052235
 810.000000 8.680613 0.296714 3.834047 0.264903 1.485701 0.035359
 811.000000 8.786879 0.284807 1.633533 0.256817 0.792678 0.041547
 812.000000 8.599156 0.295988 2.686386 0.269136 1.307841 0.035346
 813.000000 8.704270 0.289864 1.869817 0.260592 0.719503 0.051148
 814.000000 8.587153 0.293275 2.157658 0.260703 0.695468 0.037802
 815.000000 8.526798 0.299783 2.790011 0.270658 1.656698 0.032291
 816.000000 8.675523 0.295695 2.535153 0.265552 1.114369 0.039765
 817.000000 8.677710 0.290570 2.757273 0.265438 0.949698 0.045468
 818.000000 8.573440 0.292950 1.947128 0.265339 0.986092 0.033118
 819.000000 8.441381 0.297565 3.276772 0.272400 1.595165 0.041792
 820.000000 8.649875 0.293122 2.880531 0.265050 1.173687 0.047613
 821.000000 8.855719 0.288266 1.465502 0.262566 1.024800 0.040857
 822.000000 8.666183 0.291422 1.813692 0.264418 1.396325 0.042035
 823.000000 8.719038 0.294327 2.243755 0.261843 1.387590 0.037202
 824.000000 8.645214 0.295229 1.977623 0.265302 1.339262 0.046276
 825.000000 8.683851 0.293058 1.726465 0.263179 1.183679 0.038053
 826.000000 8.646275 0.296289 3.023629 0.267072 1.248590 0.046279
 827.000000 8.572698 0.292019 1.682805 0.263673 1.237602 0.037398
 828.000000 8.527800 0.297280 2.656212 0.268222 1.437555 0.042031
 829.000000 8.745632 0.294304 2.027213 0.267400 1.425188 0.036279
 830.000000 8.738627 0.296191 2.510908 0.264110 1.425693 0.041986
 831.000000 8.795561 0.288714 1.983081 0.262079 1.430623 0.033380
 832.000000 8.744816 0.295134 3.135554 0.268750 1.649569 0.033009
 833.000000 8.734729 0.294822 2.774693 0.267073 1.105233 0.040523
 834.000000 8.852703 0.288619 2.088796 0.256731 0.824868 0.039974
 835.000000 8.680507 0.291180 2.615728 0.266908 2.014033 0.033342
 836.000000 8.881360 0.294299 4.235591 0.266650 2.496826 0.026618
 837.000000 8.751103 0.291584 1.733270 0.262355 1.202204 0.038784
 838.000000 8.812412 0.292352 2.102459 0.258139 1.076221 0.038675
 839.000000 8.899662 0.286072 2.152328 0.257005 1.594768 0.043355
 840.000000 8.866359 0.281557 1.476621 0.255040 0.728824 0.042856
 841.000000 8.733113 0.288599 2.270778 0.263984 1.886258 0.038166
 842.000000 8.850993 0.282341 1.235245 0.259828 0.956601 0.043912
 843.000000 8.761527 0.287161 2.615324 0.259046 1.337380 0.029943
 844.000000 8.689147 0.289093 2.151772 0.263651 1.452268 0.046229
 845.000000 8.744063 0.294413 2.631052 0.263414 1.540205 0.048915
 846.000000 8.659361 0.293649 2.659996 0.263723 1.717553 0.046160
 847.000000 8.549832 0.298780 3.601792 0.269368 1.941033 0.045084
 848.000000 8.659205 0.291661 2.933701 0.263458 2.245819 0.040861
 849.000000 8.597363 0.288839 2.720916 0.262558 1.720892 0.041610
 850.000000 8.647565 0.296007 2.904221 0.271760 3.242221 0.034417
 851.000000 8.709570 0.292446 3.096975 0.263307 2.099349 0.035915
 852.000000 8.685613 0.289141 2.094106 0.264381 1.789600 0.047341
 853.000000 8.796364 0.291170 3.431409 0.264890 3.021876 0.028281
 854.000000 8.936314 0.290038 2.970860 0.260950 1.325305 0.041667
 855.000000 8.688814 0.287323 1.924907 0.259808 0.810920 0.029844
 856.000000 8.581207 0.288476 1.785069 0.262758 1.038337 0.031445
 857.000000 8.610999 0.284968 1.352598 0.257790 0.521877 0.053568
 858.000000 8.642844 0.291269 2.505029 0.265624 1.745203 0.061615
 859.000000 8.666284 0.292124 1.817570 0.265351 1.590535 0.064062
 860.000000 8.720029 0.291163 2.773744 0.264285 2.653218 0.032545
 861.000000 8.583686 0.297131 2.417064 0.267273 0.953067 0.038021
 862.000000 8.658337 0.293171 2.228302 0.265825 1.202913 0.035951
 863.000000 8.524104 0.296317 1.990073 0.270759 0.992081 0.041856
 864.000000 8.623013 0.294817 3.160572 0.269847 1.298013 0.029134
 865.000000 8.744474 0.294781 2.401309 0.267559 1.229037 0.051088
 866.000000 8.620705 0.296417 3.186036 0.270210 1.364704 0.034537
 867.000000 8.521246 0.298371 2.673042 0.270199 1.212685 0.031056
 868.000000 8.587437 0.291760 1.734479 0.265949 0.853077 0.035823
 869.000000 8.537944 0.294192 2.429196 0.266803 1.369322 0.028737
 870.000000 8.590471 0.297309 2.832360 0.270725 1.167220 0.046361
 871.000000 8.530341 0.298442 2.912709 0.270851 1.250298 0.049786
 872.000000 8.444978 0.302429 2.746611 0.272467 1.189295 0.023776
 873.000000 8.546335 0.297838 1.963563 0.267020 0.786920 0.029382
 874.000000 8.630762 0.296629 2.174217 0.267676 1.331649 0.028471
 875.000000 8.471619 0.297676 2.096667 0.269166 1.131058 0.035918
 876.000000 8.586546 0.296122 3.509495 0.265213 1.412507 0.040716
 877.000000 8.655310 0.297726 2.503347 0.274367 1.537720 0.048676
 878.000000 8.537188 0.302003 2.112632 0.274183 1.040380 0.032182
 879.000000 8.599954 0.295961 1.984123 0.269461 0.953538 0.043514
 880.000000 8.683478 0.290157 1.798486 0.262674 1.113872 0.048268
 881.000000 8.675341 0.289255 1.747435 0.259252 0.781533 0.057735
 882.000000 8.743598 0.290602 1.935074 0.260025 1.273644 0.051404
 883.000000 8.663861 0.289800 1.695954 0.266708 1.161216 0.045537
 884.000000 8.724621 0.285492 1.749127 0.258669 1.115790 0.044313
 885.000000 8.673500 0.288781 1.495284 0.264075 0.995061 0.037223
 886.000000 8.642848 0.292677 1.655918 0.264916 0.938787 0.036330
 887.000000 8.686603 0.285228 1.284050 0.261054 0.876344 0.040740
 888.000000 8.800072 0.284139 1.198861 0.255202 0.670025 0.030467
 889.000000 8.904225 0.284043 1.507823 0.258897 1.056052 0.024049
 890.000000 8.890426 0.289376 2.108688 0.259326 1.642449 0.026548
 891.000000 8.824938 0.290009 2.466365 0.264201 1.295383 0.029948
 892.000000 8.753823 0.291207 2.754763 0.264824 1.077856 0.049481
 893.000000 8.822339 0.289788 2.074916 0.267312 1.792555 0.032186
 894.000000 8.964021 0.284328 1.781253 0.260524 1.086484 0.045540
 895.000000 8.871188 0.289011 2.757641 0.263107 1.708724 0.040767
 896.000000 8.793244 0.289620 1.788776 0.264198 1.145803 0.034621
 897.000000 8.802767 0.279945 1.682543 0.255770 1.039530 0.044215
 898.000000 8.811599 0.285727 1.435746 0.261072 1.522763 0.046806
 899.000000 8.820203 0.284648 1.680961 0.259872 1.076548 0.038834
 900.000000 8.742012 0.296769 2.897618 0.266694 2.376942 0.041312
 901.000000 8.763613 0.289634 1.742879 0.261384 0.840705 0.044468
 902.000000 8.867437 0.283534 1.842779 0.258074 1.245036 0.036443
 903.000000 8.763437 0.289655 2.168374 0.262450 1.468179 0.034084
 904.000000 9.001605 0.289034 2.651136 0.262057 2.215503 0.030373
 905.000000 8.909099 0.291951 2.598643 0.264667 2.070149 0.057172
 906.000000 8.971043 0.291652 2.812339 0.269617 2.655435 0.032084
 907.000000 8.861586 0.285144 1.456579 0.262367 0.973462 0.049746
 908.000000 8.771326 0.292935 1.865272 0.271194 2.227250 0.042286
 909.000000 8.763092 0.291342 2.143001 0.266386 1.305541 0.037453
 910.000000 8.697300 0.285479 1.300773 0.262489 1.031629 0.050630
 911.000000 8.789821 0.288130 1.672402 0.268458 1.991306 0.024970
 912.000000 8.770233 0.292882 2.017548 0.267596 1.974686 0.043569
 913.000000 8.848882 0.290871 2.284549 0.268406 2.359035 0.029098
 914.000000 8.836286 0.294260 2.274507 0.270127 2.085031 0.030354
 915.000000 8.832875 0.290863 1.399371 0.262789 1.185655 0.054043
 916.000000 8.793393 0.285025 1.153218 0.257914 0.837301 0.036336
 917.000000 8.801601 0.289651 2.085854 0.262264 1.702873 0.042898
 918.000000 8.865968 0.290385 2.401200 0.257631 0.665964 0.046459
 919.000000 8.777787 0.294545 2.263089 0.269495 1.554570 0.046801
 920.000000 8.864286 0.284384 1.370123 0.257584 0.800802 0.034333
 921.000000 8.748139 0.291382 2.043906 0.265206 2.035457 0.035472
 922.000000 8.734180 0.289492 2.041685 0.265228 2.206319 0.034160
 923.000000 8.768354 0.288831 2.034234 0.262088 2.079824 0.035697
 924.000000 8.797519 0.292757 2.653649 0.274330 2.982687 0.038547
 925.000000 8.615329 0.293467 2.713973 0.268788 1.459378 0.044500
 926.000000 8.823717 0.292040 2.214531 0.268711 1.941486 0.042788
 927.000000 8.596229 0.293723 2.256776 0.267681 2.193816 0.035051
 928.000000 8.554389 0.301173 4.162973 0.278863 2.634190 0.043348
 929.000000 8.394919 0.299620 4.175095 0.273134 1.667859 0.053076
 930.000000 8.487644 0.299498 4.440710 0.274072 1.438943 0.041865
 931.000000 8.594473 0.296857 2.693702 0.271561 1.410175 0.042582
 932.000000 8.667414 0.292071 2.130184 0.264653 1.322583 0.042539
 933.000000 8.579616 0.296812 2.889736 0.268430 1.847153 0.037393
 934.000000 8.589522 0.291479 1.814931 0.268753 1.601942 0.042941
 935.000000 8.595480 0.290224 1.769748 0.267882 1.560536 0.034684
 936.000000 8.506014 0.295306 1.844062 0.273301 1.547790 0.054199
 937.000000 8.532309 0.287116 1.347441 0.260648 1.165965 0.048374
 938.000000 8.647706 0.287483 1.444261 0.263258 1.626247 0.025220
 939.000000 8.796930 0.283870 1.424857 0.259403 1.030408 0.050579
 940.000000 8.718436 0.286488 1.746797 0.261632 1.744279 0.051162
 941.000000 8.798532 0.290570 2.425022 0.267914 1.941185 0.024131
 942.000000 8.669961 0.292058 3.248723 0.265761 1.495310 0.031515
 943.000000 8.784121 0.294322 3.288799 0.265755 1.073416 0.029929
 944.000000 8.763726 0.287109 1.586402 0.256133 0.513680 0.030996
 945.000000 8.794638 0.288008 1.619839 0.262994 0.940951 0.030489
 946.000000 8.588384 0.295103 1.942109 0.271459 1.289681 0.026735
 947.000000 8.616631 0.301073 3.435089 0.269465 1.123739 0.045991
 948.000000 8.734351 0.288498 1.839552 0.262589 1.864943 0.046067
 949.000000 8.681478 0.291235 1.567371 0.263920 0.837637 0.029806
 950.000000 8.616226 0.286777 1.078270 0.262031 0.665749 0.038836
 951.000000 8.571456 0.296969 2.596028 0.273619 1.429577 0.041929
 952.000000 8.657486 0.289424 1.648078 0.261148 1.084394 0.032217
 953.000000 8.821061 0.297757 3.514019 0.266498 1.926282 0.034085
 954.000000 8.900695 0.288612 2.416942 0.260890 1.120999 0.030476
 955.000000 8.754218 0.295110 2.247932 0.268690 1.514718 0.041794
 956.000000 8.753450 0.293386 2.174355 0.262151 1.267496 0.050210
 957.000000 8.760419 0.291114 2.433158 0.261369 0.799863 0.041752
 958.000000 8.635826 0.296464 2.275244 0.264632 1.134136 0.033408
 959.000000 8.737710 0.294466 2.594688 0.259731 0.939932 0.044186
 960.000000 8.651158 0.294425 1.990720 0.263454 0.962332 0.038755
 961.000000 8.983459 0.286669 1.511705 0.256286 0.996368 0.035594
 962.000000 8.645562 0.295544 2.458194 0.262215 1.070369 0.037388
 963.000000 8.779597 0.292288 1.844004 0.261836 1.300261 0.038506
 964.000000 8.956253 0.292068 3.112018 0.258126 1.615889 0.028888
 965.000000 8.999374 0.282475 1.553059 0.254555 0.729037 0.031809
 966.000000 8.668357 0.291035 1.619601 0.266461 1.040105 0.029319
 967.000000 8.751720 0.288095 2.047638 0.262400 0.845808 0.037766
 968.000000 8.755361 0.285034 1.582470 0.262366 1.057327 0.041725
 969.000000 8.871263 0.289196 2.311398 0.261295 0.847962 0.041235
 970.000000 8.717549 0.292999 2.344504 0.260508 0.896073 0.031530
 971.000000 8.646645 0.288804 1.854183 0.263771 0.968841 0.045527
 972.000000 8.586078 0.292903 1.908779 0.269162 1.838248 0.039533
 973.000000 8.534900 0.292674 3.095779 0.266147 1.215232 0.021967
 974.000000 8.522004 0.297228 2.607954 0.264988 1.154932 0.037370
 975.000000 8.522035 0.295484 2.801994 0.268118 1.053736 0.044303
 976.000000 8.596239 0.294056 2.968805 0.265812 1.149252 0.051279
 977.000000 8.722421 0.294736 3.593611 0.262360 1.015384 0.022734
 978.000000 8.658601 0.297103 3.625143 0.261909 1.076573 0.035795
 979.000000 8.686555 0.290951 2.780937 0.258372 0.834980 0.041745
 980.000000 8.545121 0.295743 2.585457 0.261103 1.020109 0.043841
 981.000000 8.808075 0.292419 2.293920 0.264311 1.612817 0.046580
 982.000000 8.837152 0.291916 3.350279 0.261820 1.217168 0.034009
 983.000000 8.656617 0.294271 2.697758 0.264279 2.306790 0.044263
 984.000000 8.765266 0.289760 1.756383 0.263921 0.942869 0.027201
 985.000000 8.846854 0.288801 1.572304 0.259957 1.079657 0.032869
 986.000000 8.657899 0.295393 2.383283 0.267892 1.287904 0.040055
 987.000000 8.655288 0.290768 2.223157 0.261667 0.730716 0.050605
 988.000000 8.699500 0.292961 2.344383 0.267974 1.317163 0.045664
 989.000000 8.707307 0.296349 2.523312 0.272345 1.611022 0.039378
 990.000000 8.650423 0.294498 2.931392 0.268049 1.076588 0.033740
 991.000000 8.634508 0.288378 2.544121 0.262436 1.316492 0.030208
 992.000000 8.548369 0.298783 3.275296 0.269064 1.672009 0.029394
 993.000000 8.749118 0.293953 2.234501 0.268110 1.573376 0.045070
 994.000000 8.791175 0.290835 1.916903 0.264259 1.434127 0.032997
 995.000000 8.688455 0.294825 2.386250 0.266246 2.050044 0.028176
 996.000000 8.525996 0.293381 2.648703 0.272709 2.202056 0.041537
 997.000000 8.812280 0.290207 2.345029 0.263308 1.969566 0.040326
 998.000000 8.770385 0.291287 3.138759 0.270339 1.826937 0.062045
 999.000000 8.571549 0.295067 2.454255 0.270777 1.602496 0.038115
 1000.000000 8.550927 0.292149 2.534845 0.264634 1.510113 0.036831
